000000000000000000000000000000000000000000000000
000000000000000000000000000000000000000000000000
000000000000000000000000000000000000000000000000
000000000000000000000000000000000000000000000000
000000000000000000000000000000000000000000000000
000000000000000000000000000000000000000000000000
000000000000000000000000000000000000000000000000
RRMMMMRRRRRR0000000000000000000000000RRRRMMMMMRR
BDKK@@@@KKHDDBWWNNMMMMMMMMMMMMMMMNWWBDDKK@@KKDBB
0000QQ000000000000000RRRRRRRRRRR000000000QQQQ000
000000000000000000000000000000000000000000000000
000000000000000000000000000000000000000000000000
000000000000000000000000000000000000000000000000
000000000000000000000000000000000000000000000000
000000000000000000000000000000000000000000000000
000000000000000000000000000000000000000000000000