0000000000000000000000000000000000000000000RR000
000000000000000000000000000000000000000000000000
000000000000000000000000000000000000000000000000
00000000000000000000000000000000000000000000N@$W
0000000000000000000000000000000000000000000RH8k@
000000000000000000000000000000000000000000000NDN
000000000000000000000000000000000000000000000000
000000000000000000000000000000000000000000000000
000000000000000000000000000000000000000000000000
000000000000000000000000000000000000000000000000
000000000000000000000000000000000000000000000000
000000000000000000000000000000000000000000000000
000000000000000000000000000000000000000000000000
000000000000000000000000000000000000000000000000
000000000000000000000000000000000000000000000000
000000000000000000000000000000000000000000000000