00000000000000000000000000000000000000000000000000000000000000000000000000000000000000000000000000000000000000000000000000000000000000000000000000000000000000000000000000000000000000000000000000000000000000000000000000000000000000000000000000000000000000000000000000000000000000000000000000000000000000000000000000000000000000000000000000000000000000000000000000000000000000000000000000000000000000000000000000000000000000000000000000000000000000000000000000000000000000000000000
00000000000000000000000000000000000000000000000000000000000000000000000000000000000000000000000000000000000000000000000000000000000000000000000000000000000000000000000000000000000000000000000000000000000000000000000000000000000000000000000000000000000000000000000000000000000000000000000000000000000000000000000000000000000000000000000000000000000000000000000000000000000000000000000000000000000000000000000000000000000000000000000000000000000000000000000000000000000000000000000
00000000000000000000000000000000000000000000000000000000000000000000000000000000000000000000000000000000000000000000000000000000000000000000000000000000000000000000000000000000000000000000000000000000000000000000000000000000000000000000000000000000000000000000000000000000000000000000000000000000000000000000000000000000000000000000000000000000000000000000000000000000000000000000000000000000000000000000000000000000000000000000000000000000000000000000000000000000000000000000000
00000000000000000000000000000000000000000000000000000000000000000000000000000000000000000000000000000000000000000000000000000000000000000000000000000000000000000000000000000000000000000000000000000000000000000000000000000000000000000000000000000000000000000000000000000000000000000000000000000000000000000000000000000000000000000000000000000000000000000000000000000000000000000000000000000000000000000000000000000000000000000000000000000000000000000000000000000000000000000000000
00000000000000000000000000000000000000000000000000000000000000000000000000000000000000000000000000000000000000000000000000000000000000000000000000000000000000000000000000000000000000000000000000000000000000000000000000000000000000000000000000000000000000000000000000000000000000000000000000000000000000000000000000000000000000000000000000000000000000000000000000000000000000000000000000000000000000000000000000000000000000000000000000000000000000000000000000000000000000000000000
00000000000000000000000000000000000000000000000000000000000000000000000000000000000000000000000000000000000000000000000000000000000000000000000000000000000000000000000000000000000000000000000000000000000000000000000000000000000000000000000000000000000000000000000000000000000000000000000000000000000000000000000000000000000000000000000000000000000000000000000000000000000000000000000000000000000000000000000000000000000000000000000000000000000000000000000000000000000000000000000
00000000000000000000000000000000000000000000000000000000000000000000000000000000000000000000000000000000000000000000000000000000000000000000000000000000000000000000000000000000000000000000000000000000000000000000000000000000000000000000000000000000000000000000000000000000000000000000000000000000000000000000000000000000000000000000000000000000000000000000000000000000000000000000000000000000000000000000000000000000000000000000000000000000000000000000000000000000000000000000000
00000000000000000000000000000000000000000000000000000000000000000000000000000000000000000000000000000000000000000000000000000000000000000000000000000000000000000000000000000000000000000000000000000000000000000000000000000000000000000000000000000000000000000000000000000000000000000000000000000000000000000000000000000000000000000000000000000000000000000000000000000000000000000000000000000000000000000000000000000000000000000000000000000000000000000000000000000000000000000000000
00000000000000000000000000000000000000000000000000000000000000000000000000000000000000000000000000000000000000000000000000000000000000000000000000000000000000000000000000000000000000000000000000000000000000000000000000000000000000000000000000000000000000000000000000000000000000000000000000000000000000000000000000000000000000000000000000000000000000000000000000000000000000000000000000000000000000000000000000000000000000000000000000000000000000000000000000000000000000000000000
00000000000000000000000000000000000000000000000000000000000000000000000000000000000000000000000000000000000000000000000000000000000000000000000000000000000000000000000000000000000000000000000000000000000000000000000000000000000000000000000000000000000000000000000000000000000000000000000000000000000000000000000000000000000000000000000000000000000000000000000000000000000000000000000000000000000000000000000000000000000000000000000000000000000000000000000000000000000000000000000
00000000000000000000000000000000000000000000000000000000000000000000000000000000000000000000000000000000000000000000000000000000000000000000000000000000000000000000000000000000000000000000000000000000000000000000000000000000000000000000000000000000000000000000000000000000000000000000000000000000000000000000000000000000000000000000000000000000000000000000000000000000000000000000000000000000000000000000000000000000000000000000000000000000000000000000000000000000000000000000000
00000000000000000000000000000000000000000000000000000000000000000000000000000000000000000000000000000000000000000000000000000000000000000000000000000000000000000000000000000000000000000000000000000000000000000000000000000000000000000000000000000000000000000000000000000000000000000000000000000000000000000000000000000000000000000000000000000000000000000000000000000000000000000000000000000000000000000000000000000000000000000000000000000000000000000000000000000000000000000000000
00000000000000000000000000000000000000000000000000000000000000000000000000000000000000000000000000000000000000000000000000000000000000000000000000000000000000000000000000000000000000000000000000000000000000000000000000000000000000000000000000000000000000000000000000000000000000000000000000000000000000000000000000000000000000000000000000000000000000000000000000000000000000000000000000000000000000000000000000000000000000000000000000000000000000000000000000000000000000000000000
00000000000000000000000000000000000000000000000000000000000000000000000000000000000000000000000000000000000000000000000000000000000000000000000000000000000000000000000000000000000000000000000000000000000000000000000000000000000000000000000000000000000000000000000000000000000000000000000000000000000000000000000000000000000000000000000000000000000000000000000000000000000000000000000000000000000000000000000000000000000000000000000000000000000000000000000000000000000000000000000
00000000000000000000000000000000000000000000000000000000000000000000000000000000000000000000000000000000000000000000000000000000000000000000000000000000000000000000000000000000000000000000000000000000000000000000000000000000000000000000000000000000000000000000000000000000000000000000000000000000000000000000000000000000000000000000000000000000000000000000000000000000000000000000000000000000000000000000000000000000000000000000000000000000000000000000000000000000000000000000000
00000000000000000000000000000000000000000000000000000000000000000000000000000000000000000000000000000000000000000000000000000000000000000000000000000000000000000000000000000000000000000000000000000000000000000000000000000000000000000000000000000000000000000000000000000000000000000000000000000000000000000000000000000000000000000000000000000000000000000000000000000000000000000000000000000000000000000000000000000000000000000000000000000000000000000000000000000000000000000000000
00000000000000000000000000000000000000000000000000000000000000000000000000000000000000000000000000000000000000000000000000000000000000000000000000000000000000000000000000000000000000000000000000000000000000000000000000000000000000000000000000000000000000000000000000000000000000000000000000000000000000000000000000000000000000000000000000000000000000000000000000000000000000000000000000000000000000000000000000000000000000000000000000000000000000000000000000000000000000000000000
00000000000000000000000000000000000000000000000000000000000000000000000000000000000000000000000000000000000000000000000000000000000000000000000000000000000000000000000000000000000000000000000000000000000000000000000000000000000000000000000000000000000000000000000000000000000000000000000000000000000000000000000000000000000000000000000000000000000000000000000000000000000000000000000000000000000000000000000000000000000000000000000000000000000000000000000000000000000000000000000
00000000000000000000000000000000000000000000000000000000000000000000000000000000000000000000000000000000000000000000000000000000000000000000000000000000000000000000000000000000000000000000000000000000000000000000000000000000000000000000000000000000000000000000000000000000000000000000000000000000000000000000000000000000000000000000000000000000000000000000000000000000000000000000000000000000000000000000000000000000000000000000000000000000000000000000000000000000000000000000000
00000000000000000000000000000000000000000000000000000000000000000000000000000000000000000000000000000000000000000000000000000000000000000000000000000000000000000000000000000000000000000000000000000000000000000000000000000000000000000000000000000000000000000000000000000000000000000000000000000000000000000000000000000000000000000000000000000000000000000000000000000000000000000000000000000000000000000000000000000000000000000000000000000000000000000000000000000000000000000000000
00000000000000000000000000000000000000000000000000000000000000000000000000000000000000000000000000000000000000000000000000000000000000000000000000000000000000000000000000000000000000000000000000000000000000000000000000000000000000000000000000000000000000000000000000000000000000000000000000000000000000000000000000000000000000000000000000000000000000000000000000000000000000000000000000000000000000000000000000000000000000000000000000000000000000000000000000000000000000000000000
00000000000000000000000000000000000000000000000000000000000000000000000000000000000000000000000000000000000000000000000000000000000000000000000000000000000000000000000000000000000000000000000000000000000000000000000000000000000000000000000000000000000000000000000000000000000000000000000000000000000000000000000000000000000000000000000000000000000000000000000000000000000000000000000000000000000000000000000000000000000000000000000000000000000000000000000000000000000000000000000
00000000000000000000000000000000000000000000000000000000000000000000000000000000000000000000000000000000000000000000000000000000000000000000000000000000000000000000000000000000000000000000000000000000000000000000000000000000000000000000000000000000000000000000000000000000000000000000000000000000000000000000000000000000000000000000000000000000000000000000000000000000000000000000000000000000000000000000000000000000000000000000000000000000000000000000000000000000000000000000000
00000000000000000000000000000000000000000000000000000000000000000000000000000000000000000000000000000000000000000000000000000000000000000000000000000000000000000000000000000000000000000000000000000000000000000000000000000000000000000000000000000000000000000000000000000000000000000000000000000000000000000000000000000000000000000000000000000000000000000000000000000000000000000000000000000000000000000000000000000000000000000000000000000000000000000000000000000000000000000000000
00000000000000000000000000000000000000000000000000000000000000000000000000000000000000000000000000000000000000000000000000000000000000000000000000000000000000000000000000000000000000000000000000000000000000000000000000000000000000000000000000000000000000000000000000000000000000000000000000000000000000000000000000000000000000000000000000000000000000000000000000000000000000000000000000000000000000000000000000000000000000000000000000000000000000000000000000000000000000000000000
00000000000000000000000000000000000000000000000000000000000000000000000000000000000000000000000000000000000000000000000000000000000000000000000000000000000000000000000000000000000000000000000000000000000000000000000000000000000000000000000000000000000000000000000000000000000000000000000000000000000000000000000000000000000000000000000000000000000000000000000000000000000000000000000000000000000000000000000000000000000000000000000000000000000000000000000000000000000000000000000
00000000000000000000000000000000000000000000000000000000000000000000000000000000000000000000000000000000000000000000000000000000000000000000000000000000000000000000000000000000000000000000000000000000000000000000000000000000000000000000000000000000000000000000000000000000000000000000000000000000000000000000000000000000000000000000000000000000000000000000000000000000000000000000000000000000000000000000000000000000000000000000000000000000000000000000000000000000000000000000000
00000000000000000000000000000000000000000000000000000000000000000000000000000000000000000000000000000000000000000000000000000000000000000000000000000000000000000000000000000000000000000000000000000000000000000000000000000000000000000000000000000000000000000000000000000000000000000000000000000000000000000000000000000000000000000000000000000000000000000000000000000000000000000000000000000000000000000000000000000000000000000000000000000000000000000000000000000000000000000000000
00000000000000000000000000000000000000000000000000000000000000000000000000000000000000000000000000000000000000000000000000000000000000000000000000000000000000000000000000000000000000000000000000000000000000000000000000000000000000000000000000000000000000000000000000000000000000000000000000000000000000000000000000000000000000000000000000000000000000000000000000000000000000000000000000000000000000000000000000000000000000000000000000000000000000000000000000000000000000000000000
00000000000000000000000000000000000000000000000000000000000000000000000000000000000000000000000000000000000000000000000000000000000000000000000000000000000000000000000000000000000000000000000000000000000000000000000000000000000000000000000000000000000000000000000000000000000000000000000000000000000000000000000000000000000000000000000000000000000000000000000000000000000000000000000000000000000000000000000000000000000000000000000000000000000000000000000000000000000000000000000
00000000000000000000000000000000000000000000000000000000000000000000000000000000000000000000000000000000000000000000000000000000000000000000000000000000000000000000000000000000000000000000000000000000000000000000000000000000000000000000000000000000000000000000000000000000000000000000000000000000000000000000000000000000000000000000000000000000000000000000000000000000000000000000000000000000000000000000000000000000000000000000000000000000000000000000000000000000000000000000000
00000000000000000000000000000000000000000000000000000000000000000000000000000000000000000000000000000000000000000000000000000000000000000000000000000000000000000000000000000000000000000000000000000000000000000000000000000000000000000000000000000000000000000000000000000000000000000000000000000000000000000000000000000000000000000000000000000000000000000000000000000000000000000000000000000000000000000000000000000000000000000000000000000000000000000000000000000000000000000000000
00000000000000000000000000000000000000000000000000000000000000000000000000000000000000000000000000000000000000000000000000000000000000000000000000000000000000000000000000000000000000000000000000000000000000000000000000000000000000000000000000000000000000000000000000000000000000000000000000000000000000000000000000000000000000000000000000000000000000000000000000000000000000000000000000000000000000000000000000000000000000000000000000000000000000000000000000000000000000000000000
00000000000000000000000000000000000000000000000000000000000000000000000000000000000000000000000000000000000000000000000000000000000000000000000000000000000000000000000000000000000000000000000000000000000000000000000000000000000000000000000000000000000000000000000000000000000000000000000000000000000000000000000000000000000000000000000000000000000000000000000000000000000000000000000000000000000000000000000000000000000000000000000000000000000000000000000000000000000000000000000
00000000000000000000000000000000000000000000000000000000000000000000000000000000000000000000000000000000000000000000000000000000000000000000000000000000000000000000000000000000000000000000000000000000000000000000000000000000000000000000000000000000000000000000000000000000000000000000000000000000000000000000000000000000000000000000000000000000000000000000000000000000000000000000000000000000000000000000000000000000000000000000000000000000000000000000000000000000000000000000000
00000000000000000000000000000000000000000000000000000000000000000000000000000000000000000000000000000000000000000000000000000000000000000000000000000000000000000000000000000000000000000000000000000000000000000000000000000000000000000000000000000000000000000000000000000000000000000000000000000000000000000000000000000000000000000000000000000000000000000000000000000000000000000000000000000000000000000000000000000000000000000000000000000000000000000000000000000000000000000000000
00000000000000000000000000000000000000000000000000000000000000000000000000000000000000000000000000000000000000000000000000000000000000000000000000000000000000000000000000000000000000000000000000000000000000000000000000000000000000000000000000000000000000000000000000000000000000000000000000000000000000000000000000000000000000000000000000000000000000000000000000000000000000000000000000000000000000000000000000000000000000000000000000000000000000000000000000000000000000000000000
00000000000000000000000000000000000000000000000000000000000000000000000000000000000000000000000000000000000000000000000000000000000000000000000000000000000000000000000000000000000000000000000000000000000000000000000000000000000000000000000000000000000000000000000000000000000000000000000000000000000000000000000000000000000000000000000000000000000000000000000000000000000000000000000000000000000000000000000000000000000000000000000000000000000000000000000000000000000000000000000
00000000000000000000000000000000000000000000000000000000000000000000000000000000000000000000000000000000000000000000000000000000000000000000000000000000000000000000000000000000000000000000000000000000000000000000000000000000000000000000000000000000000000000000000000000000000000000000000000000000000000000000000000000000000000000000000000000000000000000000000000000000000000000000000000000000000000000000000000000000000000000000000000000000000000000000000000000000000000000000000
00000000000000000000000000000000000000000000000000000000000000000000000000000000000000000000000000000000000000000000000000000000000000000000000000000000000000000000000000000000000000000000000000000000000000000000000000000000000000000000000000000000000000000000000000000000000000000000000000000000000000000000000000000000000000000000000000000000000000000000000000000000000000000000000000000000000000000000000000000000000000000000000000000000000000000000000000000000000000000000000
00000000000000000000000000000000000000000000000000000000000000000000000000000000000000000000000000000000000000000000000000000000000000000000000000000000000000000000000000000000000000000000000000000000000000000000000000000000000000000000000000000000000000000000000000000000000000000000000000000000000000000000000000000000000000000000000000000000000000000000000000000000000000000000000000000000000000000000000000000000000000000000000000000000000000000000000000000000000000000000000
00000000000000000000000000000000000000000000000000000000000000000000000000000000000000000000000000000000000000000000000000000000000000000000000000000000000000000000000000000000000000000000000000000000000000000000000000000000000000000000000000000000000000000000000000000000000000000000000000000000000000000000000000000000000000000000000000000000000000000000000000000000000000000000000000000000000000000000000000000000000000000000000000000000000000000000000000000000000000000000000
00000000000000000000000000000000000000000000000000000000000000000000000000000000000000000000000000000000000000000000000000000000000000000000000000000000000000000000000000000000000000000000000000000000000000000000000000000000000000000000000000000000000000000000000000000000000000000000000000000000000000000000000000000000000000000000000000000000000000000000000000000000000000000000000000000000000000000000000000000000000000000000000000000000000000000000000000000000000000000000000
00000000000000000000000000000000000000000000000000000000000000000000000000000000000000000000000000000000000000000000000000000000000000000000000000000000000000000000000000000000000000000000000000000000000000000000000000000000000000000000000000000000000000000000000000000000000000000000000000000000000000000000000000000000000000000000000000000000000000000000000000000000000000000000000000000000000000000000000000000000000000000000000000000000000000000000000000000000000000000000000
00000000000000000000000000000000000000000000000000000000000000000000000000000000000000000000000000000000000000000000000000000000000000000000000000000000000000000000000000000000000000000000000000000000000000000000000000000000000000000000000000000000000000000000000000000000000000000000000000000000000000000000000000000000000000000000000000000000000000000000000000000000000000000000000000000000000000000000000000000000000000000000000000000000000000000000000000000000000000000000000
00000000000000000000000000000000000000000000000000000000000000000000000000000000000000000000000000000000000000000000000000000000000000000000000000000000000000000000000000000000000000000000000000000000000000000000000000000000000000000000000000000000000000000000000000000000000000000000000000000000000000000000000000000000000000000000000000000000000000000000000000000000000000000000000000000000000000000000000000000000000000000000000000000000000000000000000000000000000000000000000
00000000000000000000000000000000000000000000000000000000000000000000000000000000000000000000000000000000000000000000000000000000000000000000000000000000000000000000000000000000000000000000000000000000000000000000000000000000000000000000000000000000000000000000000000000000000000000000000000000000000000000000000000000000000000000000000000000000000000000000000000000000000000000000000000000000000000000000000000000000000000000000000000000000000000000000000000000000000000000000000
00000000000000000000000000000000000000000000000000000000000000000000000000000000000000000000000000000000000000000000000000000000000000000000000000000000000000000000000000000000000000000000000000000000000000000000000000000000000000000000000000000000000000000000000000000000000000000000000000000000000000000000000000000000000000000000000000000000000000000000000000000000000000000000000000000000000000000000000000000000000000000000000000000000000000000000000000000000000000000000000
00000000000000000000000000000000000000000000000000000000000000000000000000000000000000000000000000000000000000000000000000000000000000000000000000000000000000000000000000000000000000000000000000000000000000000000000000000000000000000000000000000000000000000000000000000000000000000000000000000000000000000000000000000000000000000000000000000000000000000000000000000000000000000000000000000000000000000000000000000000000000000000000000000000000000000000000000000000000000000000000
00000000000000000000000000000000000000000000000000000000000000000000000000000000000000000000000000000000000000000000000000000000000000000000000000000000000000000000000000000000000000000000000000000000000000000000000000000000000000000000000000000000000000000000000000000000000000000000000000000000000000000000000000000000000000000000000000000000000000000000000000000000000000000000000000000000000000000000000000000000000000000000000000000000000000000000000000000000000000000000000
00000000000000000000000000000000000000000000000000000000000000000000000000000000000000000000000000000000000000000000000000000000000000000000000000000000000000000000000000000000000000000000000000000000000000000000000000000000000000000000000000000000000000000000000000000000000000000000000000000000000000000000000000000000000000000000000000000000000000000000000000000000000000000000000000000000000000000000000000000000000000000000000000000000000000000000000000000000000000000000000
00000000000000000000000000000000000000000000000000000000000000000000000000000000000000000000000000000000000000000000000000000000000000000000000000000000000000000000000000000000000000000000000000000000000000000000000000000000000000000000000000000000000000000000000000000000000000000000000000000000000000000000000000000000000000000000000000000000000000000000000000000000000000000000000000000000000000000000000000000000000000000000000000000000000000000000000000000000000000000000000
00000000000000000000000000000000000000000000000000000000000000000000000000000000000000000000000000000000000000000000000000000000000000000000000000000000000000000000000000000000000000000000000000000000000000000000000000000000000000000000000000000000000000000000000000000000000000000000000000000000000000000000000000000000000000000000000000000000000000000000000000000000000000000000000000000000000000000000000000000000000000000000000000000000000000000000000000000000000000000000000
00000000000000000000000000000000000000000000000000000000000000000000000000000000000000000000000000000000000000000000000000000000000000000000000000000000000000000000000000000000000000000000000000000000000000000000000000000000000000000000000000000000000000000000000000000000000000000000000000000000000000000000000000000000000000000000000000000000000000000000000000000000000000000000000000000000000000000000000000000000000000000000000000000000000000000000000000000000000000000000000
00000000000000000000000000000000000000000000000000000000000000000000000000000000000000000000000000000000000000000000000000000000000000000000000000000000000000000000000000000000000000000000000000000000000000000000000000000000000000000000000000000000000000000000000000000000000000000000000000000000000000000000000000000000000000000000000000000000000000000000000000000000000000000000000000000000000000000000000000000000000000000000000000000000000000000000000000000000000000000000000
00000000000000000000000000000000000000000000000000000000000000000000000000000000000000000000000000000000000000000000000000000000000000000000000000000000000000000000000000000000000000000000000000000000000000000000000000000000000000000000000000000000000000000000000000000000000000000000000000000000000000000000000000000000000000000000000000000000000000000000000000000000000000000000000000000000000000000000000000000000000000000000000000000000000000000000000000000000000000000000000
00000000000000000000000000000000000000000000000000000000000000000000000000000000000000000000000000000000000000000000000000000000000000000000000000000000000000000000000000000000000000000000000000000000000000000000000000000000000000000000000000000000000000000000000000000000000000000000000000000000000000000000000000000000000000000000000000000000000000000000000000000000000000000000000000000000000000000000000000000000000000000000000000000000000000000000000000000000000000000000000
00000000000000000000000000000000000000000000000000000000000000000000000000000000000000000000000000000000000000000000000000000000000000000000000000000000000000000000000000000000000000000000000000000000000000000000000000000000000000000000000000000000000000000000000000000000000000000000000000000000000000000000000000000000000000000000000000000000000000000000000000000000000000000000000000000000000000000000000000000000000000000000000000000000000000000000000000000000000000000000000
00000000000000000000000000000000000000000000000000000000000000000000000000000000000000000000000000000000000000000000000000000000000000000000000000000000000000000000000000000000000000000000000000000000000000000000000000000000000000000000000000000000000000000000000000000000000000000000000000000000000000000000000000000000000000000000000000000000000000000000000000000000000000000000000000000000000000000000000000000000000000000000000000000000000000000000000000000000000000000000000
00000000000000000000000000000000000000000000000000000000000000000000000000000000000000000000000000000000000000000000000000000000000000000000000000000000000000000000000000000000000000000000000000000000000000000000000000000000000000000000000000000000000000000000000000000000000000000000000000000000000000000000000000000000000000000000000000000000000000000000000000000000000000000000000000000000000000000000000000000000000000000000000000000000000000000000000000000000000000000000000
00000000000000000000000000000000000000000000000000000000000000000000000000000000000000000000000000000000000000000000000000000000000000000000000000000000000000000000000000000000000000000000000000000000000000000000000000000000000000000000000000000000000000000000000000000000000000000000000000000000000000000000000000000000000000000000000000000000000000000000000000000000000000000000000000000000000000000000000000000000000000000000000000000000000000000000000000000000000000000000000
00000000000000000000000000000000000000000000000000000000000000000000000000000000000000000000000000000000000000000000000000000000000000000000000000000000000000000000000000000000000000000000000000000000000000000000000000000000000000000000000000000000000000000000000000000000000000000000000000000000000000000000000000000000000000000000000000000000000000000000000000000000000000000000000000000000000000000000000000000000000000000000000000000000000000000000000000000000000000000000000
00000000000000000000000000000000000000000000000000000000000000000000000000000000000000000000000000000000000000000000000000000000000000000000000000000000000000000000000000000000000000000000000000000000000000000000000000000000000000000000000000000000000000000000000000000000000000000000000000000000000000000000000000000000000000000000000000000000000000000000000000000000000000000000000000000000000000000000000000000000000000000000000000000000000000000000000000000000000000000000000
00000000000000000000000000000000000000000000000000000000000000000000000000000000000000000000000000000000000000000000000000000000000000000000000000000000000000000000000000000000000000000000000000000000000000000000000000000000000000000000000000000000000000000000000000000000000000000000000000000000000000000000000000000000000000000000000000000000000000000000000000000000000000000000000000000000000000000000000000000000000000000000000000000000000000000000000000000000000000000000000
00000000000000000000000000000000000000000000000000000000000000000000000000000000000000000000000000000000000000000000000000000000000000000000000000000000000000000000000000000000000000000000000000000000000000000000000000000000000000000000000000000000000000000000000000000000000000000000000000000000000000000000000000000000000000000000000000000000000000000000000000000000000000000000000000000000000000000000000000000000000000000000000000000000000000000000000000000000000000000000000
00000000000000000000000000000000000000000000000000000000000000000000000000000000000000000000000000000000000000000000000000000000000000000000000000000000000000000000000000000000000000000000000000000000000000000000000000000000000000000000000000000000000000000000000000000000000000000000000000000000000000000000000000000000000000000000000000000000000000000000000000000000000000000000000000000000000000000000000000000000000000000000000000000000000000000000000000000000000000000000000
00000000000000000000000000000000000000000000000000000000000000000000000000000000000000000000000000000000000000000000000000000000000000000000000000000000000000000000000000000000000000000000000000000000000000000000000000000000000000000000000000000000000000000000000000000000000000000000000000000000000000000000000000000000000000000000000000000000000000000000000000000000000000000000000000000000000000000000000000000000000000000000000000000000000000000000000000000000000000000000000
00000000000000000000000000000000000000000000000000000000000000000000000000000000000000000000000000000000000000000000000000000000000000000000000000000000000000000000000000000000000000000000000000000000000000000000000000000000000000000000000000000000000000000000000000000000000000000000000000000000000000000000000000000000000000000000000000000000000000000000000000000000000000000000000000000000000000000000000000000000000000000000000000000000000000000000000000000000000000000000000
00000000000000000000000000000000000000000000000000000000000000000000000000000000000000000000000000000000000000000000000000000000000000000000000000000000000000000000000000000000000000000000000000000000000000000000000000000000000000000000000000000000000000000000000000000000000000000000000000000000000000000000000000000000000000000000000000000000000000000000000000000000000000000000000000000000000000000000000000000000000000000000000000000000000000000000000000000000000000000000000
00000000000000000000000000000000000000000000000000000000000000000000000000000000000000000000000000000000000000000000000000000000000000000000000000000000000000000000000000000000000000000000000000000000000000000000000000000000000000000000000000000000000000000000000000000000000000000000000000000000000000000000000000000000000000000000000000000000000000000000000000000000000000000000000000000000000000000000000000000000000000000000000000000000000000000000000000000000000000000000000
00000000000000000000000000000000000000000000000000000000000000000000000000000000000000000000000000000000000000000000000000000000000000000000000000000000000000000000000000000000000000000000000000000000000000000000000000000000000000000000000000000000000000000000000000000000000000000000000000000000000000000000000000000000000000000000000000000000000000000000000000000000000000000000000000000000000000000000000000000000000000000000000000000000000000000000000000000000000000000000000
00000000000000000000000000000000000000000000000000000000000000000000000000000000000000000000000000000000000000000000000000000000000000000000000000000000000000000000000000000000000000000000000000000000000000000000000000000000000000000000000000000000000000000000000000000000000000000000000000000000000000000000000000000000000000000000000000000000000000000000000000000000000000000000000000000000000000000000000000000000000000000000000000000000000000000000000000000000000000000000000
00000000000000000000000000000000000000000000000000000000000000000000000000000000000000000000000000000000000000000000000000000000000000000000000000000000000000000000000000000000000000000000000000000000000000000000000000000000000000000000000000000000000000000000000000000000000000000000000000000000000000000000000000000000000000000000000000000000000000000000000000000000000000000000000000000000000000000000000000000000000000000000000000000000000000000000000000000000000000000000000
00000000000000000000000000000000000000000000000000000000000000000000000000000000000000000000000000000000000000000000000000000000000000000000000000000000000000000000000000000000000000000000000000000000000000000000000000000000000000000000000000000000000000000000000000000000000000000000000000000000000000000000000000000000000000000000000000000000000000000000000000000000000000000000000000000000000000000000000000000000000000000000000000000000000000000000000000000000000000000000000
00000000000000000000000000000000000000000000000000000000000000000000000000000000000000000000000000000000000000000000000000000000000000000000000000000000000000000000000000000000000000000000000000000000000000000000000000000000000000000000000000000000000000000000000000000000000000000000000000000000000000000000000000000000000000000000000000000000000000000000000000000000000000000000000000000000000000000000000000000000000000000000000000000000000000000000000000000000000000000000000
00000000000000000000000000000000000000000000000000000000000000000000000000000000000000000000000000000000000000000000000000000000000000000000000000000000000000000000000000000000000000000000000000000000000000000000000000000000000000000000000000000000000000000000000000000000000000000000000000000000000000000000000000000000000000000000000000000000000000000000000000000000000000000000000000000000000000000000000000000000000000000000000000000000000000000000000000000000000000000000000
00000000000000000000000000000000000000000000000000000000000000000000000000000000000000000000000000000000000000000000000000000000000000000000000000000000000000000000000000000000000000000000000000000000000000000000000000000000000000000000000000000000000000000000000000000000000000000000000000000000000000000000000000000000000000000000000000000000000000000000000000000000000000000000000000000000000000000000000000000000000000000000000000000000000000000000000000000000000000000000000
00000000000000000000000000000000000000000000000000000000000000000000000000000000000000000000000000000000000000000000000000000000000000000000000000000000000000000000000000000000000000000000000000000000000000000000000000000000000000000000000000000000000000000000000000000000000000000000000000000000000000000000000000000000000000000000000000000000000000000000000000000000000000000000000000000000000000000000000000000000000000000000000000000000000000000000000000000000000000000000000
00000000000000000000000000000000000000000000000000000000000000000000000000000000000000000000000000000000000000000000000000000000000000000000000000000000000000000000000000000000000000000000000000000000000000000000000000000000000000000000000000000000000000000000000000000000000000000000000000000000000000000000000000000000000000000000000000000000000000000000000000000000000000000000000000000000000000000000000000000000000000000000000000000000000000000000000000000000000000000000000
0000000000000000000000000000000000000000000000000000000000000000000000000000000000000000R00R0R00000000000000000000000000000000000000000000000000000000000000000000000000000000000000000000000000000000000000000000000000000000000000000000000000000Q0000000000000000000000000000000000000000000000000000000000000000000000000000000000000000000000000000000000000000000000000000000000000000000000000000000000000000000000000000000000000000000000000000000000000000000000000000000000000000000
00000000000000000000000000000000000000000000000000000000000000000000000000000000000000000R00000R00000000000000000000000000000000000000000000000000000000000000000000000000000000000000000000000000000000000000000000000000000000000000000000000R0RNWR0BkUQRBM00R0000000000000000000000000000000000000000000000000000000000000000000000000000000000000000000000000000000000000000000000000000000000000000000000000000000000000000000000000000000000000000000000000000000000000000000000000000000
0000000000000000000000000000000000000000000000000000000000000000000000000000000000000000000R0MR000000000000000000000000000000000000000000000000000000000000000000000000000000000000000000000000000000000000000000000000000000000RRRRRRRR000000000MAShE#oEZ3ENQ0R0000000000000000000000000000000000000000000000000000000000000000000000000000000000000000000000000000000000000000000000000000000000000000000000000000000000000000000000000000000000000000000000000000000000000000000000000000000
00000000000000000000000000000000000000000000000000000000000000000000000000000000000000000QQQH#aYQ00000000000000000000000000000000000000000000000000000000000000000000000000000000000000000000000000000000000000000000000000000000RRRRR00000RRR0M@kg#i;`^v[gHRR000000000000000000000000000000000000000000000000000000000000000000000000000000000000000000000000000000000000000000000000000000000000000000000000000000000000000000000000000000000000000000000000000000000000000000000000000000000
0000000000000000000000000000000000000000000000000000000000000000000000000000000000000000R83Je_-TRQ000R000000000000000000000000000000000000000000000000000000000000000000000000000000000000000000000000000000000000000000000000000RRR0QQQ0QQ0RQQWh7x=.   ;*JXDR000000000000000000000000000000000000000000000000000000000000000000000000000000000000000000000000000000000000000000000000000000000000000000000000000000000000000000000000000000000000000000000000000000000000000000000000000000000
000000000000000000000000000000000000000000000000000000000000000000000000000000000R00000RRPv  _`;[40QR00000000000000000000000000000000000000000000000000000000000000000000000000000000000000000000000000000000000000000000000000000QQNU@0QQQW$Adw?\^-   +ukDNRR000000000000000000000000000000000000000000000000000000000000000000000000000000000000000000000000000000000000000000000000000000000000000000000000000000000000000000000000000000000000000000000000000000000000000000000000000000000
00000000000000000000000000000000000000000000000000000000000000000000000000000000R00000RM0DJ: `.  \CkRQ0000000000000000000000000000000000000000000000000000000000000000000000000000000000000000000000000000000000000000000000000R00K6r+>tFSu%^:`        '%2DQ0R000000000000000000000000000000000000000000000000000000000000000000000000000000000000000000000000000000000000000000000000000000000000000000000000000000000000000000000000000000000000000000000000000000000000000000000000000000000
0000000000000000000000000000000000000000000000000000000000000000000000000000000000000Q0RQKt`..     ^oO000000000000000000000000000000000000000000000000000000000000000000000000000000000000000000000000000R00000000000000000000QPz[<` .                .. /jgDQ00000000000000000000000000000000000000000000000000000000000000000000000000000000000000000000000000000000000000000000000000000000000000000000000QQRQ000000000000000000000000000000000000000000000000000000000000000000000000000000
00000000000000000000000000000000000000000000000000000000000000000000000000000000000000QQDy/.         }@QR00R0000000000000000000000000000000000000000000000000000000000000000000000000000000000000R00R0000R00000R00000000000000Qg<    .                   ._)w@QQQ000000R00000000000000000000000000000000000000000000000000000000000000000000000000000000000000000000000000000000000000000000000000000000000R0Uu}6B00R00000000000000000000000000000000000000000000000000000000000000000000000000
0000000000000000000000000000000000000000000000000000000000000000000000000000R000R00QQQ&3c_ .        ;wMQRRR0000000000000000000000000000000000000000000000000000000000000000000000000000000000000RR00QQQQQQQ000RR00000000000000Q4) ..                        '!XGYMQQR0000000000000000000000000000000000000000000000000000000000000000000000000000000000000000000000000000000000000000000000000000000000000RQQP\ |ER0000000000000000000000000000000000000000000000000000000000000000000000000000
000000000000000000000000000000000000000000000000000000000000000000000000000000Q0RQQRGt+    .     .  ^#KQQR0Q00000000000000000000000000000000000000000000000000000000000000000000000000000000000000QQWAV6mqYBQQ0000000000000000QU#\..                          |IgKk$R00000000000000000000000000000000000000000000000000000000000000000000000000000000000000000000000000000000000000000000000000000000000000RQM#^ 7D0M0R000000000000000000000000000000000000000000000000000000000000000000000000
00000000000000000000000000000000000000000000000000000000000000000R000R00000Q00MMQDg?:               ``<nUQQMRRRR0R000R00000000000000000000000000000000000000000000000000000000000000000000000000QRP7>'... '%2BQ000QQQ00000000000K#^                           /ju16KQ0000000000000000000000000000000000000000000000000000000000000000000000000000000000000000000000000000000000000000000000000000000000R000MRQGI )$Q0R0000000R00000000000000000000000000000000000000000000000000000000000000000
0000000000000000000000000000000000000000000000000000000000000000R000000QQQQQ0QQ$2v`                 ..  <J8NMRQQQ0000R0R00000000000000000000000000000000000000000000000000000000000000000R00000WV?,   ...   '1bRQQQ$URQQQQ0R00QB3\` .                         .. ;!EMQ000000000000000000000000000000000000000000000000000000000000000000000000000000000000000000000000000000000000000000000000000000000000RMMQBt`;CbKRQQ00R000R0000000000000000000000000000000000000000000000000000000000000000
000000000000000000000000000000000000000000000000000000000000000000RQ0RQNPn!I[55i                          +v{t#gBRM0RR000000000000000000000000000000000000000000000000000000000000000000000000Mm/            -!gHU2*ctwCyGB00RQOl `.                           .;cw&R00000000000000000000000000000000000000000000000000000000000000000000000000000000000000000000000000000000000000000000000000000000000000MRAu;.. ;\{#XDQQQQRQ0000000000000000000000000000000000000000000000000000000000000000
00000000000000000000000000000000000000000000000000000000000000000R000R$7'     .                                .>?SWM0R00000000000000000000000000000000000000000000000000000000000000000000RRQZc..            :!S1 +< `. ;lw$QQF- `                            sEDQ0RR000000000000000000000000000000000000000000000000000000000000000000000000000000000000000000000000000000000000000000000000000000000Q0M0W2"  .`..   _|am&NQQQ000000000000000000000000000000000000000000000000000000000000000
00000000000000000000000000000000000000000000000000000000000000000R00R0$z=,'.. ..                                :?bRRRR0000000000000000000000000000000000000000000000000000000000000000000RMMQh:               _<+ -_ .`.  +3Hb{ _-                           'FQ00000000000000000000000000000000000000000000000000000000000000000000000000000000000000000000000000000000000000000000000000000000000000RRQUo'              ;%LPRQQ00QQR0RQQQQR0000000000000000000000000000000000000000000000000
00000000000000000000000000000000000000000000000000000000000000000R0000MKd[; `..                             ...\pD0000R000000000000000000000000000000000000000000000000000000000000000000RRMRQX"                    ..... .|oSdwl`                            \EQ000000000000000000000000000000000000000000000000000000000000000000000000000000000000000000000000000000000000000000000000000000R0000Q0RRQZ*.  .               `sykR0HNQQQ@kK000000000000000000000000000000000000000000000000000
000000000000000000000000000000000000000000000000000000000000000000R0000008C)...                             . |4R00000RR00000000000000000000000000000000000000000000000000000000000000000R00RQKL_ `.              .       .`:"c71i=                           *&Q0000000000000000000000000000000000000000000000000000000000000000000000000000000000000000000000000000000000000000000000000000000R0Q0000RS\ .                     ^]t>s3JT\>VR0RRRR000000000000000000000000000000000000000000000
00000000000000000000000000000000000000000000000000000000000000000R0R00000QBJ;                                 =60RR0000000000000000000000000000000000000000000000000000000000000000000000000RRQAt:       .`_-                   `:'                          vVR00000000000000000000000000000000000000000000000000000000000000000000000000000000000000000000000000000000000000000000000000R0000000000QMy; `.                             vERNM00000000000000000000000000000R000QQ0R0R0000000000
000000000000000000000000000000000000000000000000000000000000000000000000MQH1. `                                /h0Q00R0R0000000000000000000000000000000000000000000000000000000000000000000000Q0@q?= `';=)>i/                .;|:                         .  ?8Q0000000000000000000000000000000000000000000000000000000000000000000000000000000000000000000000000000000000000000000000000R00000QQQQQQRw: -.                           - "PQR0Q00000000000000000000000000RR00N0BhSD000Q0QQQQQ000
000000000000000000000000000000000000000000000000000000000000000000000Q000Mg+  .                                .lYQ000R000000000000000000000000000000000000000000000000000000000000000000000000QQQWVaI***][{"                 \n{                           `t$Q000000000000000000000000000000000000000000000000000000000000000000000000000000000000000000000000000000000000000000000000RQ00NRW@&Y6fmL: `.                            .`fR0RQ0000000000000000000000000000R0M0YI-'TN00Q0QQQQQQQQ
0000000000000000000000000000000000000000000000000000000000000000000R0Q0R0Wn                                   ..-oW000000000000000000000000000000000000000000000000000000000000000000000000000000QQ0WAVShSz>,          .      `)"                        .'''o@Q000000000000000000000000000000000000000000000000000000000000000000000000000000000000000000000000000000000000000000000000000RRY?</;` `.                               . =X0MRQ00R000000000000000000000000Q0QRy/ .lgR0M0000000QQQ
0000000000000000000000000000000000000000000000000000000000000000000R0000QN3=....                                 ^F0QRR000000000000000000000000000000000000000000000000000000000000000000000000000QQQQRMWdv          ..                                  =#3le&00RR00000000000000000000000000000000000000000000000000000000000000000000000000000000000000000000000000000000000000000000Q00RM08yI\`                                   . `oAMR0RR0000000000000000000000RRMQQ&o_ |J@QRMRRR00000QQQ
0000000000000000000000000000000000000000000000000000000000000000000000000Rky1l):                                 .lAQ0000000000000000000000000000000000000000000000000000000000000000000000000000000R0RR$L_         :i*%=`                             . 'oAYg$MMMR00RR0000000000000000000000000000000000000000000000000000000000000000000000000000000000000000000000000000000000000000000RR0QQDGT);-..                                .`)2D0QR00000000000000000R000Q00QNw" `IX0QQ000R0000000QQ
000000000000000000000000000000000000000000000000000000000000000000000000000M@GmTs".                               ,FQ0000000000000000000000000000000000000000000000000000000000000000000000000000000000Qbr         -"r1?<:.                            .=>1AQQQ0RQRR0000000000000000000000000000000000000000000000000000000000000000000000000000000000000000000000000000000000000000000R000R00000Mk#%'.                                .- ,fB000000000000000000000000QQYI  \f@Q000R0R0R0000000Q
000000000000000000000000000000000000000000000000000000000000000000000000000RRRWDbf<  .                            :5Q0R000000000000000000000000000000000000000000000000000000000000000000000000000000RQM2^          ..                                 _<!zTf2fanbWRR0000000000000000000000000000000000000000000000000000000000000000000000000000000000000000000000000000000000000000000000R00000QQDF\                                 .` =hR0000000000000000000R000QBy| 'obNRQ00Q0Q0R000000000
00000000000000000000000000000000000000000000000000000000000000000000000000000R0QROo:                            . +VQ0000000000000000000000000000000000000000000000000000000000000000000000000000RRRRRWy^            .                                           /dQ0000000000000000000000000000000000000000000000000000000000000000000000000000000000000000000000000000000000000000000000000000QQQ0g).                                ` _aURR000000000000000000RRQ0XI. \pDQ00QQQQ0000000000000
00000000000000000000000000000000000000000000000000000000000000000000000000000000RDSx                             :jHQ00000000000000000000000000000000000000000000000000000000000000000000000000000RR0RS/                                                         :p0QQ0000000000000000000000000000000000000000000000000000000000000000000000000000000000000000000000000000000000000000000000000000Q0h| `.                            -  +7GBMR0000000000000000000QD#, ;1b0Q00Q0QQQ0000000000000
000000000000000000000000000000000000000000000000000000000000000000000000000000000MKg7i^.                        ,L@QR0R00000000000000000000000000000000000000000000000000000000000000000000000000000Mm|                                                          id0QQQQQ00000000000000000000000000000000000000000000000000000000000000000000000000000000000000000000000000000000000000000000000000Qm+ `.                         .. ^_}GDR0R000000000000000000QQPl. i6MQ0000000000000000000000
0000000000000000000000000000000000000000000000000000000000000000000000000000000QQ0W$XLi`            ..`:;^;=")<spHQ0R0000000000000000000000000000000000000000000000000000000000000000000000000000RRQWw' `       ..                                             .v6DQ0000Q00000000000000000000000000000000000000000000000000000000000000000000000000000000000000000000000000000000000000000000000RQQQq+ ..                         `. >?X0Q0Q000000000000R00000Q$j' ,uHQQ0R0QQQ00000000000000000
000000000000000000000000000000000000000000000000000000000000000000R00000000R000Q&J%";`               .=eTuLfgGP8QQ00Q000000000000000000000000000000000000000000000000000000000000000000000000000000RR&j=         ````--.``_:`                               .  )mMQ0QQ000000000000000000000000000000000000000000000000000000000000000000000000000000000000000000000000000000000000000000000000000RRQ@]- ..                        ` -jdWQR0Q000000000000R0RM0Rq| _cE00000000QQ00000000R00000000
000000000000000000000000000000000000000000000000000000000000000000000R00000RR0RZ}                    ._IbHKRQQQ0R0R00R0000000000000000000000000000000000000000000000000000000000000000000000000R00RRRRKS!):,+")>c]znw2fjjn7%_..                             . \yK00000Q000000000000000000000000000000000000000000000000000000000000000000000000000000000000000000000000000000000000000000000000R0000Qf'.``                       .`_lG0MR0000Q0000000000RR0Q&z- "wUQRR0000000000000000000000000
0000000000000000000000000000000000000000000000000000000000000000000000000R0RR0Kz- `                    '1kHDBR00Q0R00R000000000000000000000000000000000000000000000000000000000000000000000000000R0000Q0KGS52mhbDWMRQQQR&J).                             .   %hWR0000000000000000000000000000000000000000000000000000000000000000000000000000000000000000000000000000000000000000000000000000000R0R0QS; ..                      .. )gRRMR00QQQQ00QQQQQQ0QQNp< .!bQ0RQ0R000000000000000000000000
000000000000000000000000000000000000000000000000000000000000000000000000000RRNPx                        ./\|*S0QQ0R00000000000000000000000000000000000000000000000000000000000000000000000000000000R0000QQQQRRR000000R0Mq|                               .`;{hMQ0000000000000000000000000000000000000000000000000000000000000000000000000000000000000000000000000000000000000000000000000000000000R0QOr. `.                      .<2B0MMQQQQBDRQ0QQ0Q0QQRX{_ ^TDQRR00R00R0000000000000000000000
0000000000000000000000000000000000000000000000000000000000000000000000000000MQH7-                        .-. )5BQ00000R000000000000000000000000000000000000000000000000000000000000000000000000000000000000000000000R0QOI.                           .;i?eTqOW0QQ00000000000000000000000000000000000000000000000000000000000000000000000000000000000000000000000000000000000000000000000000000000Q0Q0M4<`'                     ')LGHW$OGg42ov<TkR00Q00QWJ/ -[bNRR0000R0R00000000000000000000000
0000000000000000000000000000000000000000000000000000000000000000000000000000RN4x                        . .`` :#Q0Q000R000000000000000000000000000000000000000000000000000000000000000000000000000000000000000000000RQR6/                           `%yb@DBRQ00000000000000000000000000000000000000000000000000000000000000000000000000000000000000000000000000000000000000000000000000000000000Q0QQ0QGv>);++.                 :=i%)v+'-`.     ?bQQRQQVr: \6N0W000RR000R00000000000000000000000
00000000000000000000000000000000000000000000000000000000000000000000000000RR0g<  .                            -LQQQ00000000000000000000000000000000000000000000000000000000000000000000000000000000000000000000RR000R0Nf,  .                     `` |2KR0QQQ000000000000000000000000000000000000000000000000000000000000000000000000000000000000000000000000000000000000000000000000000000000000000Q00G5GJ+v%`                                 s6Yk8AC) 't&QMNR00RR0RR000RR00000000000000000000
0000000000000000000000000000000000000000000000000000000000000000000000000RRWKt.                               "pQQQ0R00R0000000000000000000000000000000000000000000000000000000000000000000000000000000000000000R000R0BT:                        ../J@R0R0QQ000000000000000000000000000000000000000000000000000000000000000000000000000000000000000000000000000000000000000000000000000000000000RR0QQQWXu<` `.                                 --,;/"-`=!h$WNRQQQ0QQRRRRR00000000RRRR0000000000
00000000000000000000000000000000000000000000000000000000000000000000000000R$].                            ...+uAQQQ0R0000000000000000000000000000000000000000000000000000000000000000000000000000000000000000000R000RQKt  .                        IOMNQQ00000000000000000000000000000000000000000000000000000000000000000000000000000000000000000000000000000000000000000000000000000000000000R0RQDVT[/  .                                           .,"|icstJpEA@WR0QQQR000000RRRR00000000000
000000000000000000000000000000000000000000000000000000000000000000RRR000R0Nm.                             .._t$00000000000000000000000000000000000000000000000000000000000000000000000000000000000000000000000000000RQBT_                         `?AQ0000QQQ000000000000000000000000000000000000000000000000000000000000000000000000000000000000000000000000000000000000000000000000000000000000QQg<`    . .                                    ..            ._;)c{[#hYUHWMQQQQ0QQRR000000000
00000000000000000000000000000000000000000000000000000000000000000RRR000RR0@%                              . ,yQQ00000000000000000000000000000000000000000000000000000000000000000000000000000000000000000000000R00R0RQK7`                          \SMMR00QQ00000000000000000000000000000000000000000000000000000000000000000000000000000000000000000000000000000000000000000000000000000000000000My;.                                                                 .,/\vrtT6P@M0QQQQ00RR000
00000000000000000000000000000000000000000000000000000000000000000000000RMQk=  .                             )G000000000000000000000000000000000000000000000000000000000000000000000000000000000000000000000000000000RQK7. .                        idR000000000000000000000000000000000000000000000000000000000000000000000000000000000000000000000000000000000000000000000000000000000000000000R08?-                                                                           `/%ef4UNRQQQQQQ
00000000000000000000000000000000000000000000000000000000000000000000000R0N2_ `                            `)FR00000000000000000000000000000000000000000000000000000000000000000000000000000000000000000000000000000RRQKo. `.                   .'>oXWR00000000000000000000000000000000000000000000000000000000000000000000000000000000000000000000000000000000000000000000000000000000000000000RMQKs.                                          .                                     `"%}7wm44V
00000000000000000000000000000000000000000000000000000000000000000R0000QQQE<  .                           `xpKQR00000000000000000000000000000000000000000000000000000000000000000000000000000000000000000000000000R00R0Mhv`.                     -}AQWNQ0000000000000000000000000000000000000000000000000000000000000000000000000000000000000000000000000000000000000000000000000000000000000000RR00e`                                   ''.       .                                .        `--
0000000000000000000000000000000000000000000000000000000000000000000R0QQH5i.                              -I&0R000000000000000000000000000000000000000000000000000000000000000000000000000000000000000000000000000000000Rb!-                      ,oO0QQ0Q000000000000000000000000000000000000000000000000000000000000000000000000000000000000000000000000000000000000000000000000000000000000000R0RYwv.                                 `` `.<z]]?});.                                         
0000000000000000000000000000000000000000000000000000000000000R00RMMQMgji` .                              'zDQM0000000000000000000000000000000000000000000000000000000000000000000000000000000000000000000000000000000RRQHL'                        |uAQQ000000000000000000000000000000000000000000000000000000000000000000000000000000000000000000000000000000000000000000000000000000000000000R00RQ0g%.                                 -<IJXBNMMB@gCI"-                                      
000000000R00R000R00000RR00000000000000000000000000RR0R00000000QQQM86*'   ..                              ;#NQMR00000000000000000000000000000000000000000000000000000000000000000000000000000000000000000000000000000RM0$e-                           %d0QR000RR000000000000000000000000000000000000000000000000000000000000000000000000000000000000000000000000000000000000000000000000000000000R0000RY[- .                            . `*XM0RRQQQQQRW&gn{|_                                . 
QQ00QQQQQQQQQQQQQQQQQQQQQQ00000R00000000000000000R0RR0000RRQQQ0WX!^                                      ;fR0M00000000000000000000000000000000000000000000000000000000000000000000000000000000000000000000000000000RMQ$e_                             <gMQ00000R000000000000000000000000000000000000000000000000000000000000000000000000000000000000000000000000000000000000000000000000000000000R00RRQPi. .                              _T@0R000Q0RQQQQQW8dus'.    .                         
QQQQQRMW$AkGS3JLt!*rI}[CGWQQ00R000000000000000000R0000RMMRQ0KEo>-         ..`-.                          <hQ0R000000000000000000000000000000000000000000000000000000000000000000000000000000000000000000000000000QQ00Rg\                               +yBQ0000000000000000000000000000000000000000000000000000000000000000000000000000000000000000000000000000000000000000000000000000000000000000000QK7_ .                               o$00R000000000QQQQQWASzr\_               .`````.....
3w#z!{%"^:''.          .:[$QRRRR0000000000000000000RQ0MQROSt\'  `        `^%jT%                         `{kQRR0R000000000000000000000000000000000000000000000000000000000000000000000000000000000000000000000000Q0Q0Q8!`                                /yBQ0000000000000000000000000000000000000000000000000000000000000000000000000000000000000000000000000000000000000000000000000000000000000R000QQ$r.                              .  aARR00000000000R0000QQQW8E6Lsv)>>ir1tjJy2F66pppFF2wT
        .....``...     ` _fMQQQQQ00RR0R0000000000000RQQY[=.            _)t6$WV<`                        'LB0MR000000000000000000000000000000000000000000000000000000000000000000000000000000000000000000000000000Q00M5^                                  <g0Q0000000000000000000000000000000000RR0000000000000000000000000000000000000000000000000000000000000000000000000000000000000000000000000Q0RQQg"                               . +3D00000000000R000000RR0QQQQQMNNWWNM0R0QQQQQQQQQQQQQQ
                        . ,}CVABRQQQ0R0QQQQQQQQQQQQMHbf<            .;*yGKRQMdc/                        ^SQQMR00000000000000000000000000000000000000000000000000000000000000000000000000000000000000000000000000000QKz_                                  .vgMQ0000000000000000000000000000000000000000000000000000000000000000000000000000000000000000000000000000000000000000000000000000000000000RQQP*- .                           .  :7&0Q000000000000R0000000R0000QQQQQQQ00000000000000000
                             `^|so3P@K$UXgd6yC#nT71s>;     .      -)zEDQQQ0QQ@41,                       'zYMQRRQ0000000000000000000000000000000000000000000000000000000000000000000000000000000000000000000000000000bs                                     idRQ00000000000000000000000000000000000000000000000000000000000000000000000000000000000000000000000000000000000000000000000000000000000RRQ4%  .                              :eYR0R0000000000000000000000000000000000000000000000000
                                   _=/+;__'.                .   -lF$RQ0RRQQM8dJ%'                         ;eOQQ000000000000000000000000000000000000000000000000000000000000000000000000000000000000000000000000000QDw^                                      cg0Q00000000000000000000000000000000000000000000000000000000000000000000000000000000000000000000000000000000000000000000000000000000RR0Dy+  .                              =j&RQR00000000000000000000000000000000000000000000000000
                                                .          `'_"*2@Q000R00Mk]='.                         .   >SMQQ0000000000000000000000000000000000000000000000000000000000000000000000000000000000000000000000000Q$a` .                                    .{kQ00000000000000000000000000000000000000000000000000000000000000000000000000000000000000000000000000000000000000000000000000000RRRMNd{_                              ..`>5WQR0000000000000000000000000000000000000000000000000000
                                                ..`.  '|+`:?2gOBQQQQQQUSmex. .                            .  "5MQ000R000000000000000000000000000000000000000000000000000000000000000000000000000000000000000000000QYc  .                                     .}kQ0R0R000000000000000000000000000000000000000000000000000000000000000000000000000000000000000000000000000000000000000000R0000000RWm"                              .  :1XDM00000R000000000000000000000000000000000000000000000000
                                                      ;v\|LbGZGZAYPhw7%,                                      ;#BQR000R000000000000000000000000000000000000000000000000000000000000000000000000000000000000000000QW5/                                          }k000R00R0000000000000000000000000000000000000000000000000000000000000000000000000000000000000000000000000000000000000000000000000bf!|-.                        ..  v2@0Q00Q00R0000000000000000000000000000000000000000000000000
                                                         .';    ``.                                            '1$Q0000000000000000000000000000000000000000000000000000000000000000000000000000000000000000000000QHe                                          .`*bQQ000000000000000000000000000000000000000000000000000000000000000000000000000000000000000000000000000000000000000000000000000Q0W0Qf+                         ` ,]ZRQ000Q00000000000000000000000000000000000000000000000000000
                                                                        .__.                                    -[UQ0000000000000000000000000000000000000000000000000000000000000000000000000000000000000000000000K7-                                            ipDQQ00000000000000000000000000000000000000000000000000000000000000000000000000000000000000000000000000000000000000000000000000R0RBt`                           +5MQR0QQQ00000000000000000000000000000000000000000000000000000
                                                                        _+=` ..                                  -t8Q00RRRR0000000000000000000000000000000000000000000000000000000000000000000000000000000000000R0Ut`                                             _!PRQRRQ00000000000000000000000000000000000000000000000000000000000000000000000000000000000000000000000000000000000000000000R0QWE]^.                           .)5DQ000000000000000000000000000000000000000000000000000000000
.                                                                            '_                                   'jBQQR000RRR000000000000000000000000000000000000000000000000000000000000000000000000000000000R0QOs                                             `  /#@QQ000000000000000000000000000000000000000000000000000000000000000000000000000000000000000000000000000000000000000000000QQHT^                              . -tkR00000000000000000000000000000000000000000000000000000000
I)^`                                                                                                               ;TDQR00RRRRR0000000000000000000000000000000000000000000000000000000000000000000000000000000RR00d\ ..                                           .  -*gDQQ0000000000000000000000000000000000000000000000000000000000000000000000000000000000000000000000000000000000000000000QML' ..                             .  {OQ0000000000000000000000000000000000000000000000000000000
UGpL*>+,`                                                                                                           _t$Q0RRRR0000000000000000000000000000000000000000000000000000000000000000000000000000000000RRM2^ `.                                                _%3@Q000000000000000000000000000000000000000000000000000000000000000000000000000000000000000000000000000000000000000000RF+                                  .  {&0000000000000000000000000000000000000000000000000000000
Q0RMDAVJar|'..                                                                                                       _eHQR00R0000000000000000000000000000000000000000000000000000000000000000000000000000000000RRM5=                                                     .>wU0QRR000R00000000000000000000000000000000000000000000000000000000000000000000000000000000000000000000000000000R0RQk%                                    .  tA0Q0000000000000000000000000000000000000000000000000000
Q0QQQQRRNUX27I)=:_.                                                                                                   `}$Q00R0000000000000000000000000000000000000000000000000000000000000000000000000000000000R0Rg|                                                        |7Y0Q0R0000000000000000000000000000000000000000000000000000000000000000000000000000000000000000000000000000000R000#'                                       ,CWQ00R0000000000000000000000000000000000000000000000000
Q0QQ00R0QQQRB$Pmw7{>=`                                                                                                 .*OQ00000000000000000000000000000000000000000000000000000000000000000000000000000000000RRRQYl                                                          ;j$QQ000000000000000000000000000000000000000000000000000000000000000000000000000000000000000000000000000000Q0QQX)                                       . )mW0000000000000000000000000000000000000000000000000000
00000000RR0QQQQQNBO42e{i+:-                                                                                             .}k000R0000000000000000000000000000000000000000000000000000000000000000000000000000000RR0QKj_ .                                                        .ipBQ00000000000000000000000000000000000000000000000000000000000000000000000000000000000000000000000000000R0QK[_                                          >d0000000000000000000000000000000000000000000000000000
00000000000RRRRR0QQ0MD$Yq#]v+,'.                                                                                         _[8QR00000000000000000000000000000000000000000000000000000000000000000000000000000000000QB3/                                                            -[k00R0000000000000000000000000000000000000000000000000000000000000000000000000000000000000000000000000RR0Qh=                                            l&0Q0000000000000000000000000000000000000000000000000
00000000000000000RR0R000RNH&gTL1i=-``                                                                                     _oKQR00000000000000000000000000000000000000000000000000000000000000000000000000000000000Rd<                                                             `?Y00R000000000000000000000000000000000000000000000000000000000000000000000000000000000000000000000000QRQB[-                                            `TW00R000000R0000000000000000000000000000000000000000
00000000000000000RR0R0R00QQQ0MMHGST?x"-..                                                                                  'LBQR000000000000000000000000000000000000000000000000000000000000000000000000000000000R0AI                                                              "FW0R00000000000000000000000000000000000000000000000000000000000000000000000000000000000000000000000RM0RF^                                              _TWR00QR00000000000000000000000000000000000000000000
000000000000000000000000RR0000000QMD8Ey7[c+-                                                                                ^JWQRRR000000000000000000000000000000000000000000000000000000000000000000000000000000MRMw'  .                                                         :eYNR0R0000000000000000000000000000000000000000000000000000000000000000000000000000000000000000000000R0QX\.                                             . "dRQR000R000000000000000000000000000000000000000000
0000000000000000000000000000000RR00QQQMBKkVyor|:--                                                                           +FQ0000000000000000000000000000000000000000000000000000000000000000000000000000000000RQZ%  .                                                      .|168MRRR00000000000000000000000000000000000000000000000000000000000000000000000000000000000000000000000NQ8r.                                                 "p0RRRRQ000000000000000000000000000000000000000000
000000000000000000000000000000000R00000QQ0QQWUg5z}<^_.                                                                        >GQ0000000000000000000000000000000000000000000000000000000000000000000000000000000000QBJ:                                                      .^IqKRRRR0R00000000000000000000000000000000000000000000000000000000000000000000000000000000000000000000000RNn_                                                   ,2MQRR0000000000000000000000000000000000000000000
0000000000000000000000000000000000000000000QQQQ0N$P6u!);^`                                                                    '7DQ0000000000000000000000000000000000000000000000000000000000000000000000000000000000QWp"                                                `'/rLmZ&HR0R000000000000000000000000000000000000000000000000000000000000000000000000000000000000000000000000R00Qg|                                                     ;n$QQ0000000000000000000000000000000000000000000
000000000000000000000000000000000000000000000000QQQMW$ZS37}i=`                                                                 <GQ0RQ00000000000000000000000000000000000000000000000000000000000000000000000000000000QDf"                               '_        ..`/aFmdOKMQQQ0RR000000000000000000000000000000000000000000000000000000000000000000000000000000000000000000000R00RRQRh)                                                        vgNQ000000000000000000000000000000000000000000
0000000000000000000000000000000000000000000000R0RRR0000RQB$ZST]%=;_.                                                        .`;1GM00000Q0000000000000000000000000000000000000000000000000000000000000000000000000000R0QMX]|'                       _;=/>?eI/      .. :LDQQ0RRR00RR0000000000000000000000000000000000000000000000000000000000000000000000000000000000000000000000000RQQd<                                                          ;!Z000RR0000000000000000000000000000000000000
000000000000000000000000000000000000000000000000RRR0RRRRRR00RW@Z4q7"`...                                                -"r1j5g&B00000Q00000000000000000000000000000000000000000000000000000000000000000000000000000000MMMGs       `_+\)\"="\>il?[1j2dZZYU&p%.        ;L@QRRRR00000000000000000000000000000000000000000000000000000000000000000000000000000000000000000000000000000QWdv                                                           ` /uARQQ0000R00000000000000000000000000000000
0000000000000000000000000000000000000000000000000000RRR0RRRRR000QQD6l'``.                                  .       .'"ra#dUWNR00R00Q00000000000000000000000000000000000000000000000000000000000000000000000000000000RRRRR0Px       .;7XXEE4EEXGkKBNMM0QQRMRQg) .       'JBQ0RR00000000000000000000000000000000000000000000000000000000000000000000000000000000000000000000000000RRQNT:                                                            .   \tZQQ0Q0000000000000000000000000000000000
00000000000000000000000000000000000000000000000000000RRR00RRR000R0QRGJIi=::_    ``                         `,=/"){aJSYKMQ00RRR0RRR0000000000000000000000000000000000000000000000000000000000000000000000000000000000RRR00NS<        +F0QR00QQQQQQQQQQ0000R0RNF/         :CW0RR0000000000000000000000000000000000000000000000000000000000000000000000000000000000000000000000000000MF"                                                                   ,]X0Q0000000000000000000000000000000000
000000000000000000000000000000000000000000000000000000000000000000RQQRW&gp63z!I1?:                        ,agXbY8UD0QQQQQ0RR00RRRR000000000000000000000000000000000000000000000000000000000000000000000000000000000000QQ0Dy+        =2MQ0QQ0QQ000Q00QQ00000R0HL'      .  )gRRRR0000000000000000000000000000000000000000000000000000000000000000000000000000000000000000000000RR0QQS| ..                                                                   =*SB0Q0000000000000000000000000000000
0000000000000000000000000000000000000000000000000000000000000000R0RR0R0QR0QRMDU$w:                       .)EQQQQQRRR0R000000R0R0000000000000000000000000000000000000000000000000000000000000000000000000000000000000000QQHT:     .  ,uHQQ0QQQQQQQQQQQ0000000MR8?         `1UQ00R00000000000000000000000000000000000000000000000000000000000000000000000000000000000000000R0000R0Qb% .                                                                    .  >dR00000000000000000000000000000000
000000000000000000000000000000000000000000000000000000000000000000000RRR00MN0QRDs. .                     _1$RMMMMRRRRR00000000000000000000000000000000000000000000000000000000000000000000000000000000000000000000000000QBn_   .  . `]&QQQQQQQQQQQQQQ0000000R0QEi     ..  |EQQ0000000000000000000000000000000000000000000000000000000000000000000000000000000000000000000000000QO{`                                                                         >dR00000000000000000000000000000000
000000000000000000000000000000000000000000000000000000000000000000000000000R0RRk>                        \mM0NMRRRRRR000000000000000000000000000000000000000000000000000000000000000000000000000000000000000000000000000QMp"     .. `!&QQQQQQQQQ0000000000000R0Wf=        :TK0000000000000000000000000000000000000000000000000000000000000000000000000000000000000000000000000QR#' .                                                                        \SR00000000000000000000000000000000
000000000000000000000000000000000000000000000000000000000000000000000000000000Rg\                       :u8RRRRRRRR00000000000000000000000000000000000000000000000000000000000000000000000000000000000000000000000000000QRg<   . .. `]&Q000QQQQQ0000000R0000000QO?`        sGR000000000000000000000000000000000000000000000000000000000000000000000000000000000000000000000000QN7_ .                                                                      .!Ck000000000000000000000000000000000