00000000000000000000000000000000000000000000000000000000000000000000000000000000000000000000000000000000000000000000000000000000000000000000000000000000000000000000000000000000000000000000000000000000000000000000000000000000000000000000000000000000000000000000000000000000000000000000000000000000000000000000000000000000000000000000000000000000000000000000000000000000000000000000000000000000000000000000000000000000000000000000000000000000000000000000000000000000000000000000000
00000000000000000000000000000000000000000000000000000000000000000000000000000000000000000000000000000000000000000000000000000000000000000000000000000000000000000000000000000000000000000000000000000000000000000000000000000000000000000000000000000000000000000000000000000000000000000000000000000000000000000000000000000000000000000000000000000000000000000000000000000000000000000000000000000000000000000000000000000000000000000000000000000000000000000000000000000000000000000000000
00000000000000000000000000000000000000000000000000000000000000000000000000000000000000000000000000000000000000000000000000000000000000000000000000000000000000000000000000000000000000000000000000000000000000000000000000000000000000000000000000000000000000000000000000000000000000000000000000000000000000000000000000000000000000000000000000000000000000000000000000000000000000000000000000000000000000000000000000000000000000000000000000000000000000000000000000000000000000000000000
00000000000000000000000000000000000000000000000000000000000000000000000000000000000000000000000000000000000000000000000000000000000000000000000000000000000000000000000000000000000000000000000000000000000000000000000000000000000000000000000000000000000000000000000000000000000000000000000000000000000000000000000000000000000000000000000000000000000000000000000000000000000000000000000000000000000000000000000000000000000000000000000000000000000000000000000000000000000000000000000
00000000000000000000000000000000000000000000000000000000000000000000000000000000000000000000000000000000000000000000000000000000000000000000000000000000000000000000000000000000000000000000000000000000000000000000000000000000000000000000000000000000000000000000000000000000000000000000000000000000000000000000000000000000000000000000000000000000000000000000000000000000000000000000000000000000000000000000000000000000000000000000000000000000000000000000000000000000000000000000000
00000000000000000000000000000000000000000000000000000000000000000000000000000000000000000000000000000000000000000000000000000000000000000000000000000000000000000000000000000000000000000000000000000000000000000000000000000000000000000000000000000000000000000000000000000000000000000000000000000000000000000000000000000000000000000000000000000000000000000000000000000000000000000000000000000000000000000000000000000000000000000000000000000000000000000000000000000000000000000000000
00000000000000000000000000000000000000000000000000000000000000000000000000000000000000000000000000000000000000000000000000000000000000000000000000000000000000000000000000000000000000000000000000000000000000000000000000000000000000000000000000000000000000000000000000000000000000000000000000000000000000000000000000000000000000000000000000000000000000000000000000000000000000000000000000000000000000000000000000000000000000000000000000000000000000000000000000000000000000000000000
00000000000000000000000000000000000000000000000000000000000000000000000000000000000000000000000000000000000000000000000000000000000000000000000000000000000000000000000000000000000000000000000000000000000000000000000000000000000000000000000000000000000000000000000000000000000000000000000000000000000000000000000000000000000000000000000000000000000000000000000000000000000000000000000000000000000000000000000000000000000000000000000000000000000000000000000000000000000000000000000
00000000000000000000000000000000000000000000000000000000000000000000000000000000000000000000000000000000000000000000000000000000000000000000000000000000000000000000000000000000000000000000000000000000000000000000000000000000000000000000000000000000000000000000000000000000000000000000000000000000000000000000000000000000000000000000000000000000000000000000000000000000000000000000000000000000000000000000000000000000000000000000000000000000000000000000000000000000000000000000000
00000000000000000000000000000000000000000000000000000000000000000000000000000000000000000000000000000000000000000000000000000000000000000000000000000000000000000000000000000000000000000000000000000000000000000000000000000000000000000000000000000000000000000000000000000000000000000000000000000000000000000000000000000000000000000000000000000000000000000000000000000000000000000000000000000000000000000000000000000000000000000000000000000000000000000000000000000000000000000000000
00000000000000000000000000000000000000000000000000000000000000000000000000000000000000000000000000000000000000000000000000000000000000000000000000000000000000000000000000000000000000000000000000000000000000000000000000000000000000000000000000000000000000000000000000000000000000000000000000000000000000000000000000000000000000000000000000000000000000000000000000000000000000000000000000000000000000000000000000000000000000000000000000000000000000000000000000000000000000000000000
00000000000000000000000000000000000000000000000000000000000000000000000000000000000000000000000000000000000000000000000000000000000000000000000000000000000000000000000000000000000000000000000000000000000000000000000000000000000000000000000000000000000000000000000000000000000000000000000000000000000000000000000000000000000000000000000000000000000000000000000000000000000000000000000000000000000000000000000000000000000000000000000000000000000000000000000000000000000000000000000
00000000000000000000000000000000000000000000000000000000000000000000000000000000000000000000000000000000000000000000000000000000000000000000000000000000000000000000000000000000000000000000000000000000000000000000000000000000000000000000000000000000000000000000000000000000000000000000000000000000000000000000000000000000000000000000000000000000000000000000000000000000000000000000000000000000000000000000000000000000000000000000000000000000000000000000000000000000000000000000000
00000000000000000000000000000000000000000000000000000000000000000000000000000000000000000000000000000000000000000000000000000000000000000000000000000000000000000000000000000000000000000000000000000000000000000000000000000000000000000000000000000000000000000000000000000000000000000000000000000000000000000000000000000000000000000000000000000000000000000000000000000000000000000000000000000000000000000000000000000000000000000000000000000000000000000000000000000000000000000000000
00000000000000000000000000000000000000000000000000000000000000000000000000000000000000000000000000000000000000000000000000000000000000000000000000000000000000000000000000000000000000000000000000000000000000000000000000000000000000000000000000000000000000000000000000000000000000000000000000000000000000000000000000000000000000000000000000000000000000000000000000000000000000000000000000000000000000000000000000000000000000000000000000000000000000000000000000000000000000000000000
00000000000000000000000000000000000000000000000000000000000000000000000000000000000000000000000000000000000000000000000000000000000000000000000000000000000000000000000000000000000000000000000000000000000000000000000000000000000000000000000000000000000000000000000000000000000000000000000000000000000000000000000000000000000000000000000000000000000000000000000000000000000000000000000000000000000000000000000000000000000000000000000000000000000000000000000000000000000000000000000
00000000000000000000000000000000000000000000000000000000000000000000000000000000000000000000000000000000000000000000000000000000000000000000000000000000000000000000000000000000000000000000000000000000000000000000000000000000000000000000000000000000000000000000000000000000000000000000000000000000000000000000000000000000000000000000000000000000000000000000000000000000000000000000000000000000000000000000000000000000000000000000000000000000000000000000000000000000000000000000000
00000000000000000000000000000000000000000000000000000000000000000000000000000000000000000000000000000000000000000000000000000000000000000000000000000000000000000000000000000000000000000000000000000000000000000000000000000000000000000000000000000000000000000000000000000000000000000000000000000000000000000000000000000000000000000000000000000000000000000000000000000000000000000000000000000000000000000000000000000000000000000000000000000000000000000000000000000000000000000000000
00000000000000000000000000000000000000000000000000000000000000000000000000000000000000000000000000000000000000000000000000000000000000000000000000000000000000000000000000000000000000000000000000000000000000000000000000000000000000000000000000000000000000000000000000000000000000000000000000000000000000000000000000000000000000000000000000000000000000000000000000000000000000000000000000000000000000000000000000000000000000000000000000000000000000000000000000000000000000000000000
00000000000000000000000000000000000000000000000000000000000000000000000000000000000000000000000000000000000000000000000000000000000000000000000000000000000000000000000000000000000000000000000000000000000000000000000000000000000000000000000000000000000000000000000000000000000000000000000000000000000000000000000000000000000000000000000000000000000000000000000000000000000000000000000000000000000000000000000000000000000000000000000000000000000000000000000000000000000000000000000
00000000000000000000000000000000000000000000000000000000000000000000000000000000000000000000000000000000000000000000000000000000000000000000000000000000000000000000000000000000000000000000000000000000000000000000000000000000000000000000000000000000000000000000000000000000000000000000000000000000000000000000000000000000000000000000000000000000000000000000000000000000000000000000000000000000000000000000000000000000000000000000000000000000000000000000000000000000000000000000000
00000000000000000000000000000000000000000000000000000000000000000000000000000000000000000000000000000000000000000000000000000000000000000000000000000000000000000000000000000000000000000000000000000000000000000000000000000000000000000000000000000000000000000000000000000000000000000000000000000000000000000000000000000000000000000000000000000000000000000000000000000000000000000000000000000000000000000000000000000000000000000000000000000000000000000000000000000000000000000000000
00000000000000000000000000000000000000000000000000000000000000000000000000000000000000000000000000000000000000000000000000000000000000000000000000000000000000000000000000000000000000000000000000000000000000000000000000000000000000000000000000000000000000000000000000000000000000000000000000000000000000000000000000000000000000000000000000000000000000000000000000000000000000000000000000000000000000000000000000000000000000000000000000000000000000000000000000000000000000000000000
00000000000000000000000000000000000000000000000000000000000000000000000000000000000000000000000000000000000000000000000000000000000000000000000000000000000000000000000000000000000000000000000000000000000000000000000000000000000000000000000000000000000000000000000000000000000000000000000000000000000000000000000000000000000000000000000000000000000000000000000000000000000000000000000000000000000000000000000000000000000000000000000000000000000000000000000000000000000000000000000
00000000000000000000000000000000000000000000000000000000000000000000000000000000000000000000000000000000000000000000000000000000000000000000000000000000000000000000000000000000000000000000000000000000000000000000000000000000000000000000000000000000000000000000000000000000000000000000000000000000000000000000000000000000000000000000000000000000000000000000000000000000000000000000000000000000000000000000000000000000000000000000000000000000000000000000000000000000000000000000000
00000000000000000000000000000000000000000000000000000000000000000000000000000000000000000000000000000000000000000000000000000000000000000000000000000000000000000000000000000000000000000000000000000000000000000000000000000000000000000000000000000000000000000000000000000000000000000000000000000000000000000000000000000000000000000000000000000000000000000000000000000000000000000000000000000000000000000000000000000000000000000000000000000000000000000000000000000000000000000000000
00000000000000000000000000000000000000000000000000000000000000000000000000000000000000000000000000000000000000000000000000000000000000000000000000000000000000000000000000000000000000000000000000000000000000000000000000000000000000000000000000000000000000000000000000000000000000000000000000000000000000000000000000000000000000000000000000000000000000000000000000000000000000000000000000000000000000000000000000000000000000000000000000000000000000000000000000000000000000000000000
00000000000000000000000000000000000000000000000000000000000000000000000000000000000000000000000000000000000000000000000000000000000000000000000000000000000000000000000000000000000000000000000000000000000000000000000000000000000000000000000000000000000000000000000000000000000000000000000000000000000000000000000000000000000000000000000000000000000000000000000000000000000000000000000000000000000000000000000000000000000000000000000000000000000000000000000000000000000000000000000
00000000000000000000000000000000000000000000000000000000000000000000000000000000000000000000000000000000000000000000000000000000000000000000000000000000000000000000000000000000000000000000000000000000000000000000000000000000000000000000000000000000000000000000000000000000000000000000000000000000000000000000000000000000000000000000000000000000000000000000000000000000000000000000000000000000000000000000000000000000000000000000000000000000000000000000000000000000000000000000000
00000000000000000000000000000000000000000000000000000000000000000000000000000000000000000000000000000000000000000000000000000000000000000000000000000000000000000000000000000000000000000000000000000000000000000000000000000000000000000000000000000000000000000000000000000000000000000000000000000000000000000000000000000000000000000000000000000000000000000000000000000000000000000000000000000000000000000000000000000000000000000000000000000000000000000000000000000000000000000000000
00000000000000000000000000000000000000000000000000000000000000000000000000000000000000000000000000000000000000000000000000000000000000000000000000000000000000000000000000000000000000000000000000000000000000000000000000000000000000000000000000000000000000000000000000000000000000000000000000000000000000000000000000000000000000000000000000000000000000000000000000000000000000000000000000000000000000000000000000000000000000000000000000000000000000000000000000000000000000000000000
00000000000000000000000000000000000000000000000000000000000000000000000000000000000000000000000000000000000000000000000000000000000000000000000000000000000000000000000000000000000000000000000000000000000000000000000000000000000000000000000000000000000000000000000000000000000000000000000000000000000000000000000000000000000000000000000000000000000000000000000000000000000000000000000000000000000000000000000000000000000000000000000000000000000000000000000000000000000000000000000
00000000000000000000000000000000000000000000000000000000000000000000000000000000000000000000000000000000000000000000000000000000000000000000000000000000000000000000000000000000000000000000000000000000000000000000000000000000000000000000000000000000000000000000000000000000000000000000000000000000000000000000000000000000000000000000000000000000000000000000000000000000000000000000000000000000000000000000000000000000000000000000000000000000000000000000000000000000000000000000000
00000000000000000000000000000000000000000000000000000000000000000000000000000000000000000000000000000000000000000000000000000000000000000000000000000000000000000000000000000000000000000000000000000000000000000000000000000000000000000000000000000000000000000000000000000000000000000000000000000000000000000000000000000000000000000000000000000000000000000000000000000000000000000000000000000000000000000000000000000000000000000000000000000000000000000000000000000000000000000000000
00000000000000000000000000000000000000000000000000000000000000000000000000000000000000000000000000000000000000000000000000000000000000000000000000000000000000000000000000000000000000000000000000000000000000000000000000000000000000000000000000000000000000000000000000000000000000000000000000000000000000000000000000000000000000000000000000000000000000000000000000000000000000000000000000000000000000000000000000000000000000000000000000000000000000000000000000000000000000000000000
00000000000000000000000000000000000000000000000000000000000000000000000000000000000000000000000000000000000000000000000000000000000000000000000000000000000000000000000000000000000000000000000000000000000000000000000000000000000000000000000000000000000000000000000000000000000000000000000000000000000000000000000000000000000000000000000000000000000000000000000000000000000000000000000000000000000000000000000000000000000000000000000000000000000000000000000000000000000000000000000
00000000000000000000000000000000000000000000000000000000000000000000000000000000000000000000000000000000000000000000000000000000000000000000000000000000000000000000000000000000000000000000000000000000000000000000000000000000000000000000000000000000000000000000000000000000000000000000000000000000000000000000000000000000000000000000000000000000000000000000000000000000000000000000000000000000000000000000000000000000000000000000000000000000000000000000000000000000000000000000000
00000000000000000000000000000000000000000000000000000000000000000000000000000000000000000000000000000000000000000000000000000000000000000000000000000000000000000000000000000000000000000000000000000000000000000000000000000000000000000000000000000000000000000000000000000000000000000000000000000000000000000000000000000000000000000000000000000000000000000000000000000000000000000000000000000000000000000000000000000000000000000000000000000000000000000000000000000000000000000000000
00000000000000000000000000000000000000000000000000000000000000000000000000000000000000000000000000000000000000000000000000000000000000000000000000000000000000000000000000000000000000000000000000000000000000000000000000000000000000000000000000000000000000000000000000000000000000000000000000000000000000000000000000000000000000000000000000000000000000000000000000000000000000000000000000000000000000000000000000000000000000000000000000000000000000000000000000000000000000000000000
00000000000000000000000000000000000000000000000000000000000000000000000000000000000000000000000000000000000000000000000000000000000000000000000000000000000000000000000000000000000000000000000000000000000000000000000000000000000000000000000000000000000000000000000000000000000000000000000000000000000000000000000000000000000000000000000000000000000000000000000000000000000000000000000000000000000000000000000000000000000000000000000000000000000000000000000000000000000000000000000
00000000000000000000000000000000000000000000000000000000000000000000000000000000000000000000000000000000000000000000000000000000000000000000000000000000000000000000000000000000000000000000000000000000000000000000000000000000000000000000000000000000000000000000000000000000000000000000000000000000000000000000000000000000000000000000000000000000000000000000000000000000000000000000000000000000000000000000000000000000000000000000000000000000000000000000000000000000000000000000000
00000000000000000000000000000000000000000000000000000000000000000000000000000000000000000000000000000000000000000000000000000000000000000000000000000000000000000000000000000000000000000000000000000000000000000000000000000000000000000000000000000000000000000000000000000000000000000000000000000000000000000000000000000000000000000000000000000000000000000000000000000000000000000000000000000000000000000000000000000000000000000000000000000000000000000000000000000000000000000000000
00000000000000000000000000000000000000000000000000000000000000000000000000000000000000000000000000000000000000000000000000000000000000000000000000000000000000000000000000000000000000000000000000000000000000000000000000000000000000000000000000000000000000000000000000000000000000000000000000000000000000000000000000000000000000000000000000000000000000000000000000000000000000000000000000000000000000000000000000000000000000000000000000000000000000000000000000000000000000000000000
00000000000000000000000000000000000000000000000000000000000000000000000000000000000000000000000000000000000000000000000000000000000000000000000000000000000000000000000000000000000000000000000000000000000000000000000000000000000000000000000000000000000000000000000000000000000000000000000000000000000000000000000000000000000000000000000000000000000000000000000000000000000000000000000000000000000000000000000000000000000000000000000000000000000000000000000000000000000000000000000
00000000000000000000000000000000000000000000000000000000000000000000000000000000000000000000000000000000000000000000000000000000000000000000000000000000000000000000000000000000000000000000000000000000000000000000000000000000000000000000000000000000000000000000000000000000000000000000000000000000000000000000000000000000000000000000000000000000000000000000000000000000000000000000000000000000000000000000000000000000000000000000000000000000000000000000000000000000000000000000000
00000000000000000000000000000000000000000000000000000000000000000000000000000000000000000000000000000000000000000000000000000000000000000000000000000000000000000000000000000000000000000000000000000000000000000000000000000000000000000000000000000000000000000000000000000000000000000000000000000000000000000000000000000000000000000000000000000000000000000000000000000000000000000000000000000000000000000000000000000000000000000000000000000000000000000000000000000000000000000000000
00000000000000000000000000000000000000000000000000000000000000000000000000000000000000000000000000000000000000000000000000000000000000000000000000000000000000000000000000000000000000000000000000000000000000000000000000000000000000000000000000000000000000000000000000000000000000000000000000000000000000000000000000000000000000000000000000000000000000000000000000000000000000000000000000000000000000000000000000000000000000000000000000000000000000000000000000000000000000000000000
00000000000000000000000000000000000000000000000000000000000000000000000000000000000000000000000000000000000000000000000000000000000000000000000000000000000000000000000000000000000000000000000000000000000000000000000000000000000000000000000000000000000000000000000000000000000000000000000000000000000000000000000000000000000000000000000000000000000000000000000000000000000000000000000000000000000000000000000000000000000000000000000000000000000000000000000000000000000000000000000
00000000000000000000000000000000000000000000000000000000000000000000000000000000000000000000000000000000000000000000000000000000000000000000000000000000000000000000000000000000000000000000000000000000000000000000000000000000000000000000000000000000000000000000000000000000000000000000000000000000000000000000000000000000000000000000000000000000000000000000000000000000000000000000000000000000000000000000000000000000000000000000000000000000000000000000000000000000000000000000000
00000000000000000000000000000000000000000000000000000000000000000000000000000000000000000000000000000000000000000000000000000000000000000000000000000000000000000000000000000000000000000000000000000000000000000000000000000000000000000000000000000000000000000000000000000000000000000000000000000000000000000000000000000000000000000000000000000000000000000000000000000000000000000000000000000000000000000000000000000000000000000000000000000000000000000000000000000000000000000000000
00000000000000000000000000000000000000000000000000000000000000000000000000000000000000000000000000000000000000000000000000000000000000000000000000000000000000000000000000000000000000000000000000000000000000000000000000000000000000000000000000000000000000000000000000000000000000000000000000000000000000000000000000000000000000000000000000000000000000000000000000000000000000000000000000000000000000000000000000000000000000000000000000000000000000000000000000000000000000000000000
00000000000000000000000000000000000000000000000000000000000000000000000000000000000000000000000000000000000000000000000000000000000000000000000000000000000000000000000000000000000000000000000000000000000000000000000000000000000000000000000000000000000000000000000000000000000000000000000000000000000000000000000000000000000000000000000000000000000000000000000000000000000000000000000000000000000000000000000000000000000000000000000000000000000000000000000000000000000000000000000
00000000000000000000000000000000000000000000000000000000000000000000000000000000000000000000000000000000000000000000000000000000000000000000000000000000000000000000000000000000000000000000000000000000000000000000000000000000000000000000000000000000000000000000000000000000000000000000000000000000000000000000000000000000000000000000000000000000000000000000000000000000000000000000000000000000000000000000000000000000000000000000000000000000000000000000000000000000000000000000000
00000000000000000000000000000000000000000000000000000000000000000000000000000000000000000000000000000000000000000000000000000000000000000000000000000000000000000000000000000000000000000000000000000000000000000000000000000000000000000000000000000000000000000000000000000000000000000000000000000000000000000000000000000000000000000000000000000000000000000000000000000000000000000000000000000000000000000000000000000000000000000000000000000000000000000000000000000000000000000000000
00000000000000000000000000000000000000000000000000000000000000000000000000000000000000000000000000000000000000000000000000000000000000000000000000000000000000000000000000000000000000000000000000000000000000000000000000000000000000000000000000000000000000000000000000000000000000000000000000000000000000000000000000000000000000000000000000000000000000000000000000000000000000000000000000000000000000000000000000000000000000000000000000000000000000000000000000000000000000000000000
00000000000000000000000000000000000000000000000000000000000000000000000000000000000000000000000000000000000000000000000000000000000000000000000000000000000000000000000000000000000000000000000000000000000000000000000000000000000000000000000000000000000000000000000000000000000000000000000000000000000000000000000000000000000000000000000000000000000000000000000000000000000000000000000000000000000000000000000000000000000000000000000000000000000000000000000000000000000000000000000
00000000000000000000000000000000000000000000000000000000000000000000000000000000000000000000000000000000000000000000000000000000000000000000000000000000000000000000000000000000000000000000000000000000000000000000000000000000000000000000000000000000000000000000000000000000000000000000000000000000000000000000000000000000000000000000000000000000000000000000000000000000000000000000000000000000000000000000000000000000000000000000000000000000000000000000000000000000000000000000000
00000000000000000000000000000000000000000000000000000000000000000000000000000000000000000000000000000000000000000000000000000000000000000000000000000000000000000000000000000000000000000000000000000000000000000000000000000000000000000000000000000000000000000000000000000000000000000000000000000000000000000000000000000000000000000000000000000000000000000000000000000000000000000000000000000000000000000000000000000000000000000000000000000000000000000000000000000000000000000000000
00000000000000000000000000000000000000000000000000000000000000000000000000000000000000000000000000000000000000000000000000000000000000000000000000000000000000000000000000000000000000000000000000000000000000000000000000000000000000000000000000000000000000000000000000000000000000000000000000000000000000000000000000000000000000000000000000000000000000000000000000000000000000000000000000000000000000000000000000000000000000000000000000000000000000000000000000000000000000000000000
00000000000000000000000000000000000000000000000000000000000000000000000000000000000000000000000000000000000000000000000000000000000000000000000000000000000000000000000000000000000000000000000000000000000000000000000000000000000000000000000000000000000000000000000000000000000000000000000000000000000000000000000000000000000000000000000000000000000000000000000000000000000000000000000000000000000000000000000000000000000000000000000000000000000000000000000000000000000000000000000
00000000000000000000000000000000000000000000000000000000000000000000000000000000000000000000000000000000000000000000000000000000000000000000000000000000000000000000000000000000000000000000000000000000000000000000000000000000000000000000000000000000000000000000000000000000000000000000000000000000000000000000000000000000000000000000000000000000000000000000000000000000000000000000000000000000000000000000000000000000000000000000000000000000000000000000000000000000000000000000000
00000000000000000000000000000000000000000000000000000000000000000000000000000000000000000000000000000000000000000000000000000000000000000000000000000000000000000000000000000000000000000000000000000000000000000000000000000000000000000000000000000000000000000000000000000000000000000000000000000000000000000000000000000000000000000000000000000000000000000000000000000000000000000000000000000000000000000000000000000000000000000000000000000000000000000000000000000000000000000000000
00000000000000000000000000000000000000000000000000000000000000000000000000000000000000000000000000000000000000000000000000000000000000000000000000000000000000000000000000000000000000000000000000000000000000000000000000000000000000000000000000000000000000000000000000000000000000000000000000000000000000000000000000000000000000000000000000000000000000000000000000000000000000000000000000000000000000000000000000000000000000000000000000000000000000000000000000000000000000000000000
00000000000000000000000000000000000000000000000000000000000000000000000000000000000000000000000000000000000000000000000000000000000000000000000000000000000000000000000000000000000000000000000000000000000000000000000000000000000000000000000000000000000000000000000000000000000000000000000000000000000000000000000000000000000000000000000000000000000000000000000000000000000000000000000000000000000000000000000000000000000000000000000000000000000000000000000000000000000000000000000
00000000000000000000000000000000000000000000000000000000000000000000000000000000000000000000000000000000000000000000000000000000000000000000000000000000000000000000000000000000000000000000000000000000000000000000000000000000000000000000000000000000000000000000000000000000000000000000000000000000000000000000000000000000000000000000000000000000000000000000000000000000000000000000000000000000000000000000000000000000000000000000000000000000000000000000000000000000000000000000000
00000000000000000000000000000000000000000000000000000000000000000000000000000000000000000000000000000000000000000000000000000000000000000000000000000000000000000000000000000000000000000000000000000000000000000000000000000000000000000000000000000000000000000000000000000000000000000000000000000000000000000000000000000000000000000000000000000000000000000000000000000000000000000000000000000000000000000000000000000000000000000000000000000000000000000000000000000000000000000000000
00000000000000000000000000000000000000000000000000000000000000000000000000000000000000000000000000000000000000000000000000000000000000000000000000000000000000000000000000000000000000000000000000000000000000000000000000000000000000000000000000000000000000000000000000000000000000000000000000000000000000000000000000000000000000000000000000000000000000000000000000000000000000000000000000000000000000000000000000000000000000000000000000000000000000000000000000000000000000000000000
00000000000000000000000000000000000000000000000000000000000000000000000000000000000000000000000000000000000000000000000000000000000000000000000000000000000000000000000000000000000000000000000000000000000000000000000000000000000000000000000000000000000000000000000000000000000000000000000000000000000000000000000000000000000000000000000000000000000000000000000000000000000000000000000000000000000000000000000000000000000000000000000000000000000000000000000000000000000000000000000
00000000000000000000000000000000000000000000000000000000000000000000000000000000000000000000000000000000000000000000000000000000000000000000000000000000000000000000000000000000000000000000000000000000000000000000000000000000000000000000000000000000000000000000000000000000000000000000000000000000000000000000000000000000000000000000000000000000000000000000000000000000000000000000000000000000000000000000000000000000000000000000000000000000000000000000000000000000000000000000000
00000000000000000000000000000000000000000000000000000000000000000000000000000000000000000000000000000000000000000000000000000000000000000000000000000000000000000000000000000000000000000000000000000000000000000000000000000000000000000000000000000000000000000000000000000000000000000000000000000000000000000000000000000000000000000000000000000000000000000000000000000000000000000000000000000000000000000000000000000000000000000000000000000000000000000000000000000000000000000000000
00000000000000000000000000000000000000000000000000000000000000000000000000000000000000000000000000000000000000000000000000000000000000000000000000000000000000000000000000000000000000000000000000000000000000000000000000000000000000000000000000000000000000000000000000000000000000000000000000000000000000000000000000000000000000000000000000000000000000000000000000000000000000000000000000000000000000000000000000000000000000000000000000000000000000000000000000000000000000000000000
00000000000000000000000000000000000000000000000000000000000000000000000000000000000000000000000000000000000000000000000000000000000000000000000000000000000000000000000000000000000000000000000000000000000000000000000000000000000000000000000000000000000000000000000000000000000000000000000000000000000000000000000000000000000000000000000000000000000000000000000000000000000000000000000000000000000000000000000000000000000000000000000000000000000000000000000000000000000000000000000
00000000000000000000000000000000000000000000000000000000000000000000000000000000000000000000000000000000000000000000000000000000000000000000000000000000000000000000000000000000000000000000000000000000000000000000000000000000000000000000000000000000000000000000000000000000000000000000000000000000000000000000000000000000000000000000000000000000000000000000000000000000000000000000000000000000000000000000000000000000000000000000000000000000000000000000000000000000000000000000000
00000000000000000000000000000000000000000000000000000000000000000000000000000000000000000000000000000000000000000000000000000000000000000000000000000000000000000000000000000000000000000000000000000000000000000000000000000000000000000000000000000000000000000000000000000000000000000000000000000000000000000000000000000000000000000000000000000000000000000000000000000000000000000000000000000000000000000000000000000000000000000000000000000000000000000000000000000000000000000000000
00000000000000000000000000000000000000000000000000000000000000000000000000000000000000000000000000000000000000000000000000000000000000000000000000000000000000000000000000000000000000000000000000000000000000000000000000000000000000000000000000000000000000000000000000000000000000000000000000000000000000000000000000000000000000000000000000000000000000000000000000000000000000000000000000000000000000000000000000000000000000000000000000000000000000000000000000000000000000000000000
00000000000000000000000000000000000000000000000000000000000000000000000000000000000000000000000000000000000000000000000000000000000000000000000000000000000000000000000000000000000000000000000000000000000000000000000000000000000000000000000000000000000000000000000000000000000000000000000000000000000000000000000000000000000000000000000000000000000000000000000000000000000000000000000000000000000000000000000000000000000000000000000000000000000000000000000000000000000000000000000
00000000000000000000000000000000000000000000000000000000000000000000000000000000000000000000000000000000000000000000000000000000000000000000000000000000000000000000000000000000000000000000000000000000000000000000000000000000000000000000000000000000000000000000000000000000000000000000000000000000000000000000000000000000000000000000000000000000000000000000000000000000000000000000000000000000000000000000000000000000000000000000000000000000000000000000000000000000000000000000000
00000000000000000000000000000000000000000000000000000000000000000000000000000000000000000000000000000000000000000000000000000000000000000000000000000000000000000000000000000000000000000000000000000000000000000000000000000000000000000000000000000000000000000000000000000000000000000000000000000000000000000000000000000000000000000000000000000000000000000000000000000000000000000000000000000000000000000000000000000000000000000000000000000000000000000000000000000000000000000000000
00000000000000000000000000000000000000000000000000000000000000000000000000000000000000000000000000000000000000000000000000000000000000000000000000000000000000000000000000000000000000000000000000000000000000000000000000000000000000000000000000000000000000000000000000000000000000000000000000000000000000000000000000000000000000000000000000000000000000000000000000000000000000000000000000000000000000000000000000000000000000000000000000000000000000000000000000000000000000000000000
00000000000000000000000000000000000000000000000000000000000000000000000000000000000000000000000000000000000000000000000000000000000000000000000000000000000000000000000000000000000000000000000000000000000000000000000000000000000000000000000000000000000000000000000000000000000000000000000000000000000000000000000000000000000000000000000000000000000000000000000000000000000000000000000000000000000000000000000000000000000000000000000000000000000000000000000000000000000000000000000
00000000000000000000000000000000000000000000000000000000000000000000000000000000000000000000000000000000000000000000000000000000000000000000000000000000000000000000000000000000000000000000000000000000000000000000000000000000000000000000000000000000000000000000000000000000000000000000000000000000000000000000000000000000000000000000000000000000000000000000000000000000000000000000000000000000000000000000000000000000000000000000000000000000000000000000000000000000000000000000000
00000000000000000000000000000000000000000000000000000000000000000000000000000000000000000000000000000000000000000000000000000000000000000000000000000000000000000000000000000000000000000000000000000000000000000000000000000000000000000000000000000000000000000000000000000000000000000000000000000000000000000000000000000000000000000000000000000000000000000000000000000000000000000000000000000000000000000000000000000000000000000000000000000000000000000000000000000000000000000000000
00000000000000000000000000000000000000000000000000000000000000000000000000000000000000000000000000000000000000000000000000000000000000000000000000000000000000000000000000000000000000000000000000000000000000000000000000000000000000000000000000000000000000000000000000000000000000000000000000000000000000000000000000000000000000000000000000000000000000000000000000000000000000000000000000000000000000000000000000000000000000000000000000000000000000000000000000000000000000000000000
00000000000000000000000000000000000000000000000000000000000000000000000000000000000000000000000000000000000000000000000000000000000000000000000000000000000000000000000000000000000000000000000000000000000000000000000000000000000000000000000000000000000000000000000000000000000000000000000000000000000000000000000000000000000000000000000000000000000000000000000000000000000000000000000000000000000000000000000000000000000000000000000000000000000000000000000000000000000000000000000
00000000000000000000000000000000000000000000000000000000000000000000000000000000000000000000000000000000000000000000000000000000000000000000000000000000000000000000000000000000000000000000000000000000000000000000000000000000000000000000000000000000000000000000000000000000000000000000000000000000000000000000000000000000000000000000000000000000000000000000000000000000000000000000000000000000000000000000000000000000000000000000000000000000000000000000000000000000000000000000000
00000000000000000000000000000000000000000000000000000000000000000000000000000000000000000000000000000000000000000000000000000000000000000000000000000000000000000000000000000000000000000000000000000000000000000000000000000000000000000000000000000000000000000000000000000000000000000000000000000000000000000000000000000000000000000000000000000000000000000000000000000000000000000000000000000000000000000000000000000000000000000000000000000000000000000000000000000000000000000000000
00000000000000000000000000000000000000000000000000000000000000000000000000000000000000000000000000000000000000000000000000000000000000000000000000000000000000000000000000000000000000000000000000000000000000000000000000000000000000000000000000000000000000000000000000000000000000000000000000000000000000000000000000000000000000000000000000000000000000000000000000000000000000000000000000000000000000000000000000000000000000000000000000000000000000000000000000000000000000000000000
00000000000000000000000000000000000000000000000000000000000000000000000000000000000000000000000000000000000000000000000000000000000000000000000000000000000000000000000000000000000000000000000000000000000000000000000000000000000000000000000000000000000000000000000000000000000000000000000000000000000000000000000000000000000000000000000000000000000000000000000000000000000000000000000000000000000000000000000000000000000000000000000000000000000000000000000000000000000000000000000
00000000000000000000000000000000000000000000000000000000000000000000000000000000000000000000000000000000000000000000000000000000000000000000000000000000000000000000000000000000000000000000000000000000000000000000000000000000000000000000000000000000000000000000000000000000000000000000000000000000000000000000000000000000000000000000000000000000000000000000000000000000000000000000000000000000000000000000000000000000000000000000000000000000000000000000000000000000000000000000000
00000000000000000000000000000000000000000000000000000000000000000000000000000000000000000000000000000000000000000000000000000000000000000000000000000000000000000000000000000000000000000000000000000000000000000000000000000000000000000000000000000000000000000000000000000000000000000000000000000000000000000000000000000000000000000000000000000000000000000000000000000000000000000000000000000000000000000000000000000000000000000000000000000000000000000000000000000000000000000000000
00000000000000000000000000000000000000000000000000000000000000000000000000000000000000000000000000000000000000000000000000000000000000000000000000000000000000000000000000000000000000000000000000000000000000000000000000000000000000000000000000000000000000000000000000000000000000000000000000000000000000000000000000000000000000000000000000000000000000000000000000000000000000000000000000000000000000000000000000000000000000000000000000000000000000000000000000000000000000000000000
00000000000000000000000000000000000000000000000000000000000000000000000000000000000000000000000000000000000000000000000000000000000000000000000000000000000000000000000000000000000000000000000000000000000000000000000000000000000000000000000000000000000000000000000000000000000000000000000000000000000000000000000000000000000000000000000000000000000000000000000000000000000000000000000000000000000000000000000000000000000000000000000000000000000000000000000000000000000000000000000
00000000000000000000000000000000000000000000000000000000000000000000000000000000000000000000000000000000000000000000000000000000000000000000000000000000000000000000000000000000000000000000000000000000000000000000000000000000000000000000000000000000000000000000000000000000000000000000000000000000000000000000000000000000000000000000000000000000000000000000000000000000000000000000000000000000000000000000000000000000000000000000000000000000000000000000000000000000000000000000000
00000000000000000000000000000000000000000000000000000000000000000000000000000000000000000000000000000000000000000000000000000000000000000000000000000000000000000000000000000000000000000000000000000000000000000000000000000000000000000000000000000000000000000000000000000000000000000000000000000000000000000000000000000000000000000000000000000000000000000000000000000000000000000000000000000000000000000000000000000000000000000000000000000000000000000000000000000000000000000000000
00000000000000000000000000000000000000000000000000000000000000000000000000000000000000000000000000000000000000000000000000000000000000000000000000000000000000000000000000000000000000000000000000000000000000000000000000000000000000000000000000000000000000000000000000000000000000000000000000000000000000000000000000000000000000000000000000000000000000000000000000000000000000000000000000000000000000000000000000000000000000000000000000000000000000000000000000000000000000000000000
00000000000000000000000000000000000000000000000000000000000000000000000000000000000000000000000000000000000000000000000000000000000000000000000000000000000000000000000000000000000000000000000000000000000000000000000000000000000000000000000000000000000000000000000000000000000000000000000000000000000000000000000000000000000000000000000000000000000000000000000000000000000000000000000000000000000000000000000000000000000000000000000000000000000000000000000000000000000000000000000
00000000000000000000000000000000000000000000000000000000000000000000000000000000000000000000000000000000000000000000000000000000000000000000000000000000000000000000000000000000000000000000000000000000000000000000000000000000000000000000000000000000000000000000000000000000000000000000000000000000000000000000000000000000000000000000000000000000000000000000000000000000000000000000000000000000000000000000000000000000000000000000000000000000000000000000000000000000000000000000000
00000000000000000000000000000000000000000000000000000000000000000000000000000000000000000000000000000000000000000000000000000000000000000000000000000000000000000000000000000000000000000000000000000000000000000000000000000000000000000000000000000000000000000000000000000000000000000000000000000000000000000000000000000000000000000000000000000000000000000000000000000000000000000000000000000000000000000000000000000000000000000000000000000000000000000000000000000000000000000000000
00000000000000000000000000000000000000000000000000000000000000000000000000000000000000000000000000000000000000000000000000000000000000000000000000000000000000000000000000000000000000000000000000000000000000000000000000000000000000000000000000000000000000000000000000000000000000000000000000000000000000000000000000000000000000000000000000000000000000000000000000000000000000000000000000000000000000000000000000000000000000000000000000000000000000000000000000000000000000000000000
00000000000000000000000000000000000000000000000000000000000000000000000000000000000000000000000000000000000000000000000000000000000000000000000000000000000000000000000000000000000000000000000000000000000000000000000000000000000000000000000000000000000000000000000000000000000000000000000000000000000000000000000000000000000000000000000000000000000000000000000000000000000000000000000000000000000000000000000000000000000000000000000000000000000000000000000000000000000000000000000
00000000000000000000000000000000000000000000000000000000000000000000000000000000000000000000000000000000000000000000000000000000000000000000000000000000000000000000000000000000000000000000000000000000000000000000000000000000000000000000000000000000000000000000000000000000000000000000000000000000000000000000000000000000000000000000000000000000000000000000000000000000000000000000000000000000000000000000000000000000000000000000000000000000000000000000000000000000000000000000000
00000000000000000000000000000000000000000000000000000000000000000000000000000000000000000000000000000000000000000000000000000000000000000000000000000000000000000000000000000000000000000000000000000000000000000000000000000000000000000000000000000000000000000000000000000000000000000000000000000000000000000000000000000000000000000000000000000000000000000000000000000000000000000000000000000000000000000000000000000000000000000000000000000000000000000000000000000000000000000000000
00000000000000000000000000000000000000000000000000000000000000000000000000000000000000000000000000000000000000000000000000000000000000000000000000000000000000000000000000000000000000000000000000000000000000000000000000000000000000000000000000000000000000000000000000000000000000000000000000000000000000000000000000000000000000000000000000000000000000000000000000000000000000000000000000000000000000000000000000000000000000000000000000000000000000000000000000000000000000000000000
00000000000000000000000000000000000000000000000000000000000000000000000000000000000000000000000000000000000000000000000000000000000000000000000000000000000000000000000000000000000000000000000000000000000000000000000000000000000000000000000000000000000000000000000000000000000000000000000000000000000000000000000000000000000000000000000000000000000000000000000000000000000000000000000000000000000000000000000000000000000000000000000000000000000000000000000000000000000000000000000
00000000000000000000000000000000000000000000000000000000000000000000000000000000000000000000000000000000000000000000000000000000000000000000000000000000000000000000000000000000000000000000000000000000000000000000000000000000000000000000000000000000000000000000000000000000000000000000000000000000000000000000000000000000000000000000000000000000000000000000000000000000000000000000000000000000000000000000000000000000000000000000000000000000000000000000000000000000000000000000000
0000000000000000000000000000000000000000000000000000000000000000000000000000000000000000000000000000000000000000000000000000000000000000000000000000000000000000000000000000000000000000000000000000000000000000000000000000000000000000000000000000000000000000000R0R00000000000000000000000000000000000000000000000000000000000000000000000000000000000000000000000000000000000000000000000000R0Q0QQQQ000000R00000000000000000000000000000000000000000000000000000000000000000000000000000000
000000000000000000000000000000000000000000000000000000000000000000000000000000000000000000000000000000000000000000000000000000000000000000000000000000000000000000000000000000000000000000000000000000000000000000000000000000000000000000000000000000000000000000RR0R000000000000000000000000000000000000000000000000000000000000000000000000000000000000000000000000000000000000000000000000000000@&@MQQ0000R00000000000000000000000000000000000000000000000000000000000000000000000000000000
000000000000000000000000000000000000000000000000000000000000000000000000000000000000000000000000000000000000000000000000000000000000000000000000000000000000000000000000000000000000000000000000000000000000000000000000000000000000000000000000000000000000000RQ0R0RR0000000000000000000000000000000000000000000000000000000000000000000000000000000000000000000000000000000000000000000000000000QRX*^tYR00R0000000000000000000000000000000000000000000000000000000000000000000000000000000000
0000000000000000000000000000000000000000000000000000000000000000000000000000000000000000000000000000000000000000000000000000000000000000000000000000000000000000000000000000000000000000000000000000000000000000000000000000000000000000000000000000000000R0QQQHSGQMNR0R00000000000000000000000000000000000000000000000000000000000000000000000000000000000000000000000000000000000000000000000000QR0A{ xXM00R00R00R000000000000000000000000000000000000000000000000000000000000000000000000000
000000000000000000000000000000000000000000000000000000000000000000000000000000000000000000000000000000000000000000000000000000000000000000000000000000000000000000000000000000000000000000000000000000000000000000000000000000000000000000000000000000000RMNGSX#vwmy8QRRR000000000000000000000000000000000000000000000000000000000000000000000000000000000000000000000000000000000000000000000000RQ0R0K{ [$Q00000R00000000000000000000000000000000000000000000000000000000000000000000000000000
0000000000000000000000000000000000000000000000000000000000000000000000000000000000000000000000000000000000000000000000000000000000000000000000000000000000000000000000000000000000000000000000000000000000000000000000000000000000000000000000000000RRRRRRMBXoc//)}dDNRRRR000000000000000000000000000000000000000000000000000000000000000000000000000000000000000000000000000000000000000000000R00RRQHf\ \d0QQQ000R0000000000000000000000000000000000000000000000000000000000000000000000000000
000000000000000000000000000000000000000000000000000000000000000000000000000000000000000000000000000000000000000000000000000000000000000000000000000000000000000000000000000000000000000000000000000000000000000000000000000000000000000000000000000000000R$gt^    ;?SK00000000000000000000000000000000000000000000000000000000000000000000000000000000000000000000000000000000000000000000000000RRR0RR#_ `>o54OHQQQQ000000000000000000000000000000000000000000000000000000000000000000000000000
000000000000000000000000000000000000000000000000000000000000000000000000000000000000000QQ00R0R000000000000000000000000000000000000000000000000000000000000000000000000000000000000000000000000000000000000000000000000000000000000000000000000000R00000QQQ@S!; .  *AQ0M00000R000000000000000000000000000000000000000000000000000000000000000000000000000000000000000000000000000000000000000000R00RQNgl`     :")zhYHQQQQ00QR00R000RRRRR00000000000000000000000000000000000000000000000000000000
000000000000000000000000000000000000000000000000000000000000000000000000000000000R0000RWNRRR000R000000000000000000000000000000000000000000000000000000000000000000000000000000000000000000000000000000000000000000000000000000000000000000000000000000QQQRAfc_ .  ;ISDQQ00000000000000000000000000000000000000000000000000000000000000000000000000000000000000000000000000000000000000000000000R000B2^           `_\tFYBRQQQQQQQ0NBRRR000000000000000000000000000000000000000000000000000000000
000000000000000000000000000000000000000000000000000000000000000000000000000000000QQQQWyi?8NRRRR0000000000000000000000000000000000000000000000000000000000000000000000000000000000000000000000000000000000000000000000000000000000000000000000000Q0000QQ8ys^       . `shBQQQ000000000000000000000000000000000000000000000000000000000000000000000000000000000000000000000000000000000000000000000RQWL^`                'i*7#qVG8Pa%\TD0R00000000000000000000000000000000000000000000000000000000
00000000000000000000000000000000000000000000000000000000000000000000000000000000QNmajI- ,4Q0WM00R000000000000000000000000000000000000000000000000000000000000000000000000000000000000000000000000000000000000000000000000000000000000000000QQQQRRQQQQkT>.             'IdD0R0RRR0000000000000000000000000000000000000000000000000000000000000000000000000000000000000000000000000000000000000000QHL'                       . `=_   [K0NR000000000000000000RRR0000000000000000000000000000000000
000000000000000000000000000000000000000000000000000000000000000000000000000000000BT-    `x3bMQ0Q0R000R0R000000000000000000000000000000000000000000000000000000000000000000000000000000000000000000000000000000000000000000000000000000000Q0M&pL?{ThSo|                  _{4MQMRQ000R0RR000000000000000000000000000000000000000000000000000000000000000000000000000000000000000000000000R000000RQ@t-`.                            '[A00R0000000000RRR000000QQ00000000000000000000000000000000000
00000000000000000000000000000000000000000000000000000000000000000000000000000000RMDL. -   -%fkWQQ00RQR000000000000000000000000000000000000000000000000000000000000000000000000000000000000000000000000000000000000000000000000000000000R0QKT=     .                       ,7XCn80QQQ00R000000000000000000000000000000000000000000000000000000000000000000000000000000000000000000000000000R0MRQMe- .                           ..?8MWRR0000000000000000QQDkZ@BM00000000000000000000000000000000
000000000000000000000000000000000000000000000000000000000000000000000000000000Q00RS\`.   .   ^IqN00000R0000000000000000000000000000000000000000000000000000000000000000000000000000000000000000000000000000000000000000000000000000000000Q8z+. `.                          `;_`]GOG8MRMR00000000000000000000000000000000000000000000000000000000000000000000000000000000000000000000000RQMQQ0QM2^ -                            ``#MBW0RRR000000000Q0R0QRP1ctgKN00000000000000000000000000000000
00000000000000000000000000000000000000000000000000000000000000000000000000R0000QQM3)^.     .   ']YQ0000000000000000000000000000000000000000000000000000000000000000000000000000000000000000000000000000000000000000000000000000000000000QQ0WP!-                                 ::/6RMMR00000000000000000000000000000000000000000000000000000000000000000000000000000000000000000000QQQRQR$F!]}^                                 zDRR0MRRRR0000000Q000Qh< -LAMQ00000000000000000000000000000000
0000000000000000000000000000000000000000000000000000000000000000000000000Q00QQQ@gt\`         .. +dQR0000000000000000000000000000000000000000000000000000000000000000000000000000000000000000000000000000000000000000000000000000000000000Q00Qkt;                                ;7bMRRR000000000000000000000000000000000000000000000000000000000000000000000000000000000000000000000QQQ0Dy\                                      -%qNRM00RR00000000R0R6> 'L&QR000000000000000000000000000000000
00000000000000000000000000000000000000000000000000000000000000000000000000QQWX7<.  `        .. +3M0RR0000000000000000000000000000000000000000000000000000000000000000000000000000000000000000000000000000000000000000000000000000000000000000QPv                              -rE0Q0R0R000000000000000000000000000000000000000000000000000000000000000000000000000000000000000000000000QH5I>,                                    ` '2NRRR00000000QR00g= 'u@QR0000000000000000000000000000000000
000000000000000000000000000000000000000000000000000000000000000000000000QMkCc:              . .%kQQ0Q0Q0000000000000000000000000000000000000000000000000000000000000000000000000000000000000000000000000000000000000000000000000000000000000Q@a`                             `]O0RRRRR000000000000000000000000000000000000000000000000000000000000000000000000000000000000000000000000R0QQRKEe^  .                               .` |gRRR0000000Q0Q0d/ :oU00Q0000000000000000000000000000000000
0000000000000000000000000000000000000000000000000000000000R0000QQQQQ00QRh1"                    .<J@QQQQ00000000R000000000000000000000000000000000000000000000000000000000000000000000000000000000000000000000000000000000000000000000000000QD#:                               iERQ0000000000000000000000000000000000000000000000000000000000000000000000000000000000000000000000000000000RQ0QQY[_ .                                  l@00RR000QQQQB5^ \nKWR0R0000000000000000000000000000000000
000000000000000000000000000000000000000000000000000000000000RQQ$hSg$0N4!-                        .<Ck@B0QQQQ00000000000000000000000000000000000000000000000000000000000000000000000000000000000000000000000000000000000000000000000000000R0Rm|                                 1@Q0Q0000000000000000000000000000000000000000000000000000000000000000000000000000000000000000000000000000R0Q00QQ4| .`                                 v@0RR00000QQM#= "#&Q00RRR000000000000000000000000000000000
00000000000000000000000000000000000000000000000000000000000000k>-.:|**=                             ,"%eZXFEM0R000000000000000000000000000000000000000000000000000000000000000000000000000000000000000000000000000000000000000000000000000QHz-                                ^fWQ000000000000000000000000000000000000000000000000000000000000000000000000000000000000000000000000000000000000Qk> ..                              . _tW0RR00000QWT, )f&0R00R0R000000000000000000000000000000000
0000000000000000000000000000000000000000000000000000000000R00@t  ..   .`                                ^^ +ERRRRR000000000000000000000000000000000000000000000000000000000000000000000000000000000000000000000000000000000000000000000Q0QQV<                               .>yK000R000000000000000000000000000000000000000000000000000000000000000000000000000000000000000000000000000R000000QOx..                              ." cZR0000000QHT` |f8RRR00R00R00000000000000000000000000000000
0000000000000000000000000000000000000000000000000000000000R0MHge, .`. .                                  .lmBR00R000000000000000000000000000000000000000000000000000000000000000000000000000000000000000000000000000000000000000000000Q0RQ$?                              _)eY0QRR000000000000000000000000000000000000000000000000000000000000000000000000000000000000000000000000000000000000QBz- `                            . CaFK0000R00Q$[- "FUB00000000000000000000000000000000000000000
000000000000000000000000000000000000000000000000000000000000RR0M6>. .                                   )yHQRNQR0000000000000000000000000000000000000000000000000000000000000000000000000000000000000000000000000000000000000000000000QR0$e-                           ->tg$BRQQ0000R000000000000000000000000000000000000000000000000000000000000000000000000000000000000000000000000000000000QQ4+ .                           `  #UKWR0000MQY*` >S@DMR00RR000000000000000000000000000000000000
00000000000000000000000000000000000000000000000000000000000R0QR0REc. .                                -rEQQMR0RQQ0000000000000000000000000000000000000000000000000000000000000000000000000000000000000000000000000000000000000000000000Q$j,  .                         cP0QQQQ0000R00000000000000000000000000000000000000000000000000000000000000000000000000000000000000000000000000000000000Q0Ra- ..                         .  {@MR0Q000W5/` vhR0WRRRRRR000000000000000000000000000000000000
000000000000000000000000000000000000000000000000000000000R00000RQ0h| .                              . `{kQQR0RR00000000000000000000000000000000000000000000000000000000000000000000000000000000000000000000000000000000000000000000000QREi,v|`                      _<>JWQR0QRRRR0R000000000000000000000000000000000000000000000000000000000000000000000000000000000000000000000000000000000000RQk{` .                         ._ rMQ00QQQRw^ =v5W00QQQQQQQQQQQQQQQQQ00QQQQQ00R000R00QQQQQ0QRRM
0000000000000000000000000000000000000000000000000000000000000000RA?` .                               ...xPQ00000000000000000000000000000000000000000000000000000000000000000000000000000000000000000000000000000000000000000000000000000&Tf8n`                   `- ^jmbMQ0R000000RR00000000000000000000000000000000000000000000000000000000000000000000000000000000000000000000000000000000000R0QG}'                          .^.:17tze7u}:. =lVWB8AYbYXqgqppg2y5F2z!Iu5EAKRQQQQQQQMH@bhntyXAK
0000000000000000000000000000000000000000000000000000000000000000De.                                   . .}ARQ0RR00000000000000000000000000000000000000000000000000000000000000000000000000000000000000000000000000000000000000000000000Q0WWRw_                       `<IjmkBQQQQQQ0RR00000000000000000000000000000000000000000000000000000000000000000000000000000000000000000000000000000000000RRQX>  .                                   `.. _\)";:':'_.    .          `,"{t7L7L7jc|+^-   _,+
000000000000000000000000000000000000000000000000000000000000000RG>                                       -[AQ000000000000000000000000000000000000000000000000000000000000000000000000000000000000000000000000000000000000000000000000QQQQQQWJ^.                           =xI7#zaFKQ0000000000000000000000000000000000000000000000000000000000000000000000000000000000000000000000000000000000R0QW0W5:    .                         ..                                                         
000000000000000000000000000000000000000000000000000000000000000Rg|                                        ^yR0Q00000000000000000000000000000000000000000000000000000000000000000000000000000000000000000000000000000000000000000R00QRK&8gCe}\-                                  'TK0Q0QQRRRR0000000000000000000000000000000000000000000000000000000000000000000000000000000000000000000000000RRbgt}54i%>v:l}".                                                                                 
000000000000000000000000000000000000000000000000000000000000000R@g*=                                      `*YQQ0000000000000000000000000000000000000000000000000000000000000000000000000000000000000000000000000000000000000000R00Q8j\+=_                                       'IPMQRP4KQQ0R0RR000000000000000000000000000000000000000000000000000000000000000000000000000000000000000000RR00QA}  .__)"%<lev`                                                                                 
0000000000000000000000000000000000000000000000000000000000000000RQMPTs>-                                   _eQ000000000000000000000000000000000000000000000000000000000000000000000000000000000000000000000000000000000000000000R0M#                                              :]Fo;-ImZB0RR00000000000000000000000000000000000000000000000000000000000000000000000000000000000000000000000QGv.   .                                                                                         
0000000000000000000000000000000000000000000000000000000000000000000QRB@[ .                                 `aQ000000000000000000000000000000000000000000000000000000000000000000000000000000000000000000000000000000000000000000RQRhx`                                                 .-`:JNQQ000000000000000000000000000000000000000000000000000000000000000000000000000000000000000000R0000QO!_                                                                                           ^\
00000000000000000000000000000000000000000000000000000000000000000R0RRRQX'  .                               ;FQRR0000000000000000000000000000000000000000000000000000000000000000000000000000000000000000000000000000000000000000000Q8u+   .                                              ;c??qN0000000R0000000000000000000000000000000000000000000000000000000000000000000000000000000000R0Q000Qg| .                                                                                ._,/<%rI?J4
00000000000000000000000000000000000000000000000000000000000000000R00000Du. .                              '[8QR0Q00000000000000000000000000000000000000000000000000000000000000000000000000000000000000000000000000000000000000000R0Q@n;                                                 -;`=yWQ00Q000000000000000000000000000000000000000000000000000000000000000000000000000000000000000R00RQN#' .                                              _:"<|+,:-                  -,/v]uumXGYUHWBDWQ
00000000000000000000000000000000000000000000000000000000000000000000R0M0&1,   .                          ,oOQ0Q0000000000000000000000000000000000000000000000000000000000000000000000000000000000000000000000000000000000000000000Q0QQBSl.                                                 .%oP000Q000000000000000000000000000000000000000000000000000000000000000000000000000000000000000000RQD1- .                                     . .  ?j#whZ$H$&bPh53Ct[}cv)|=/',+\cIygO8DMQQQQQQQ0QQQ0
00000000000000000000000000000000000000000000000000000000000000000R00R000N$4uv..              .\%     .'\/7URQ00000000000000000000000000000000000000000000000000000000000000000000000000000000000000000000000000000000000000000000R0000QQY}`                                                ` _7&QQQ000000000000000R00R00000000000000000000000000000000000000000000000000000000000000000000000RQ$?` .                                     .  /fH0QQQQQQQQQQQQQQQ00NBDKU&YOUKNMQQQQQ000RRR00R00R0
0000000000000000000000000000000000000000000000000000000000000000RR00000QQQQ0A['             .."i  .:/{FYYUQ00Q00000000000000000000000000000000000000000000000000000000000000000000000000000000000000000000000000000000000000000RR00Q0RR0Wqv                                               .. ._\eh$RQQ0QR0QQ000Q000000R0000000000000000000000000000000000000000000000000000000000000000000000RQN5"                                          +SR000RRRR00000000000Q00QQQQQQQ00RRRR00000000000000
00000000000000000000000000000000000000000000000000000000000000000R00QQRKP5Ltr<'             .     .,\wKQQRQQ0000000000000000000000000000000000000000000000000000000000000000000000000000000000000000000000000000000000000000000000R0Q000RMbe=                                            .._"+.  `)?yXUNR0RQQQQQQQ0Q00000000000000000000000000000000000000000000000000000000000000000000000000QQM5+                                        . =2WQRRRR0R000000000000000R000000R00000000000000000
0000000000000000000000000000000000000000000000000000000000000000Q0QQU6[<,.                           '?G0QR00R0000000000000000000000000000000000000000000000000000000000000000000000000000000000000000000000000000000000000000000RR0000Q0QQMn_                                             .')):     _/%{!Ie3qpFGW0RR0000000000000000000000000000000000000000000000000000000000000000000000000Q0QB1-                                          :gMRR00R00000000000000000000000000000000000000000
000000000000000000000000000000000000000000000000000000000000000R000Z%.  `-...                         `>yBQ0R000R0000000000000000000000000000000000000000000000000000000000000000000000000000000000000000000000000000000000000000000000000QWT_                                 `>IIi,         :_``..            e$0RR0000000000000000000000000000000000000000000000000000000000000000000000000000Qp=                                           )gR000000000000000000000000000000000000000000000
0000000000000000000000000000000000000000000000000000000000000000R0Ke  .  .  .                         . ;z8Q0R00000000000000000000000000000000000000000000000000000000000000000000000000000000000000000000000000000000000000000000000QQ000QAs                                 _78R0BXt:        .``         . `_?YRMMR0000000000000000000000000000000000000000000000000000000000000000000000000000QG>                                            #M0RR000000000000000000000000000000000000000000
00000000000000000000000000000000000000000000000000000000000000000A!`  .                                  `*PQQM0000000000000000000000000000000000000000000000000000000000000000000000000000000000000000000000000000000000000000000000Q000Q@j'                        .   =vl]JEHR00QQRp).      <!<.          \yKQ0R0000000000000000000000000000000000000000000000000000000000000000000000000000000Bw+                                           LN000Q00000000000000000000000000000000000000000
00R0000000000000000000000000000000000000000000000000000000000000Rk%                                      . \6BR000000000000000000000000000000000000000000000000000000000000000000000000000000000000000000000000000000000000000000RR0Q0RRQA!'``                        `"ukN0QQQQ00000Q0Yf*+__+*g4r.       .\jGMQ0RR00R00000000000000000000000000000000000000000000000000000000000000000000000000R0MNX}:_.  '<".                                 TMR0R000000000000000000000000000000000000000000
000R0000000000R00000000000000000000000000000000000000000000000000A}                                      .. =gQ0Q000000000000000000000000000000000000000000000000000000000000000000000000000000000000000000000000000000000000000RRRR0RRRZ*. .                        .%FDQ00R0000000000QQN&XXAWQBz'..   .if&R0000000000000000000000000000000000000000000000000000000000000000000000000000000000R00RRQWbyoe#q$S|                                 JM0RR000000000000000000000000000000000000000000
0Q00QQQQQQQ000000000000000000000000000000000000000000000000000R0MS)                                     .. .|mQQQ0000000000000000000000000000000000000000000000000000000000000000000000000000000000000000000000000000000000000000R00RRQZ%                            >hBM0000000000000000QQQQQ00Q2:  _)eS@QQ000000000000000000000000000000000000000000000000000000000000000000000000000000000000RR0000QQ0MRQQK]`                               ^SRM00000000000000000000000000000000000000000000
QQQQNBBBK@WR0QR0000000000000000000000000000000000000000000000QQQQE)                                     . .'aD0RQ00000000000000000000000000000000000000000000000000000000000000000000000000000000000000000000000000000000000000000RRR00$Ji,`                       `sEMRR000000000000000R00R0000QU2#5PDQQQ00000000000000000000000000000000000000000000000000000000000000000000000000000000000000RR0R000R0Q0MQR#_                               ik0M00000000000000000000000000000000000000000000
Luj[%)ii<"<{TY0Q0R00R0R00000000000000000000000000R0000000QQQQQQWAT/                                      ...I0QM0000000000000000000000000000000000000000000000000000000000000000000000000000000000000000000000000000000000000000R0RR0Q0RRKT,                       _*dWQ0000R0000000000000000000QQQQQQ0R00Q00000000000000000000000000000000000000000000000000000000000000000000000000000000000000000000000RMQO1`                               !KQR00Q00000000000000000000000000000000000000000
      .      lZQ0R0000R00000000000000000R00000000QQQQQQQQRBO42al+                                        .. sM0M000000000000000000000000000000000000000000000000000000000000000000000000000000000000000000000000000000000000000000RR0RRMQ0F=                         ^7AQ0000000000000000000000000RR00000000R0000000000000000000000000000000000000000000000000000000000000000000000000000000000000000000RR0QRe`                                LM0R00Q0RR00000000000000000000000000000000000000
    .         ]$QQQQ0RQR00000000000000000R0000QQQQMD&Gdyor);_                                           . `>FMRW00000000000000000000000000000000000000000000000000000000000000000000000000000000000000000000000000000000000000000RR00RMRNgx`                          -[&Q0000000000000000000000000000000000000000000000000000000000000000000000000000000000000000000000000000000000000000000000000000000000BL".                              .5RR00000RRR0000000000000000000000000000000000000
              .%LmANMQQQ00000R0000000RRRMMRRQQNbj!l|='.                                                   ^wRQ00RR000000000000000000000000000000000000000000000000000000000000000000000000000000000000000000000000000000000000000R00RR0RVi                             `!kQ00R0000000000000000000000000000000000000000000000000000000000000000000000000000000000000000000000000000000000000000000000000R0RR0QRA2r_.                           -4RR00Q00R000000000000000000000000000000000000000
                 _+reFkH0QBNQ00QQQQQQQQQQNHkgS!=             .                                            .>gQ00RR00000000000000000000000000000000000000000000000000000000000000000000000000000000000000000000000000000000000000000000Qk*                               -1&Q0R0000000000000000000000000000000000000000000000000000000000000000000000000000000000000000000000000000000000000000000000000R000RQ0QUt_                        . . _G0M0000RRR00000000000000000000000000000000000000
                      '>!J4$RQRNRNH8YGPXf[>:_`                 ``_=<?al'                                 . -eKQ0R00000000000000000000000000000000000000000000000000000000000000000000000000000000000000000000000000000000000000000QQ0QBf=                              . :nHQ00R000000000000000000000000000000000000000000000000000000000000000000000000000000000000000000000000000000000000000000000000R0MRQBGl_..                        .  )XRRR000R0000000000000000000000000000000000000000
                  .       `+l**cli|^:```           .      .'=i{L5hkUNR&I                                    +FRQ000000000000000000000000000000000000000000000000000000000000000000000000000000000000000000000000000000000000000000Q000G*`                              .- +2W0000000000000000000000000000000000000000000000000000000000000000000000000000000000000000000000000000000000000000000000000RR0QQ&yv_                             '{VD00R00000000000000000000000000000000000000000000
                      .                               '+xaJqbUWM0QQQQR0gl_                                  'oWQRR00000000000000000000000000000000000000000000000000000000000000000000000000000000000000000000000000000000000000000QQBf=                                -. rkQ0R000000000000000000000000000000000000000000000000000000000000000000000000000000000000000000000000000000000000000000R00RRRQWF)                                cGQR0R0R0000000000000000000000000000000000000000000
                                              -/^^^=%75XKN0QQQ0WRRRR0RQMX?_                                 .vPQ000000000000000000000000000000000000000000000000000000000000000000000000000000000000000000000000000000000000000000000Y?_                                 _`-oKQRR00000000000000000000000000000000000000000000000000000000000000000000000000000000000000000000000000000000000000000R000MQGs.                                 :uK0RMR00R00000000000000000000000000000000000000000
                                            -\CkZggAKDRRMNNRR00MRRRRR0R0NAf)                                 _u0Q000000000000000000000000000000000000000000000000000000000000000000000000000000000000000000000000000000000000000RRRR0V)                                  .. ^wD0R000000000000000000000000000000000000000000000000000000000000000000000000000000000000000000000000000000000000000R00M0RRq|  .                               .  1@RRRR00R0000000000000000000000000000000000000000
                                            _/emA00QMNNNNNMR00RRRRM0MRRRMQW4%`                               `?WQ00000000000000000000000000000000000000000000000000000000000000000000000000000000000000000000000000000000000000RR0RRQS"                                   .  %bQR000000000000000000000000000000000000000000000000000000000000000000000000000000000000000000000000000000000000000R00W0MV| `..                                . 'uN0M00R00000000000000000000000000000000000000000