00000000000000000000000000000000000000000000000000000000000000000000000000000000000000000000000000000000000000000000000000000000000000000000000000000000000000000000000000000000000000000000000000000000000000000000000000000000000000000000000000000000000000000000000000000000000000000000000000000000000000000000000000000000000000000000000000000000000000000000000000000000000000000000000000000000000000000000000000000000000000000000000000000000000000000000000000000000000000000000000
00000000000000000000000000000000000000000000000000000000000000000000000000000000000000000000000000000000000000000000000000000000000000000000000000000000000000000000000000000000000000000000000000000000000000000000000000000000000000000000000000000000000000000000000000000000000000000000000000000000000000000000000000000000000000000000000000000000000000000000000000000000000000000000000000000000000000000000000000000000000000000000000000000000000000000000000000000000000000000000000
00000000000000000000000000000000000000000000000000000000000000000000000000000000000000000000000000000000000000000000000000000000000000000000000000000000000000000000000000000000000000000000000000000000000000000000000000000000000000000000000000000000000000000000000000000000000000000000000000000000000000000000000000000000000000000000000000000000000000000000000000000000000000000000000000000000000000000000000000000000000000000000000000000000000000000000000000000000000000000000000
00000000000000000000000000000000000000000000000000000000000000000000000000000000000000000000000000000000000000000000000000000000000000000000000000000000000000000000000000000000000000000000000000000000000000000000000000000000000000000000000000000000000000000000000000000000000000000000000000000000000000000000000000000000000000000000000000000000000000000000000000000000000000000000000000000000000000000000000000000000000000000000000000000000000000000000000000000000000000000000000
00000000000000000000000000000000000000000000000000000000000000000000000000000000000000000000000000000000000000000000000000000000000000000000000000000000000000000000000000000000000000000000000000000000000000000000000000000000000000000000000000000000000000000000000000000000000000000000000000000000000000000000000000000000000000000000000000000000000000000000000000000000000000000000000000000000000000000000000000000000000000000000000000000000000000000000000000000000000000000000000
00000000000000000000000000000000000000000000000000000000000000000000000000000000000000000000000000000000000000000000000000000000000000000000000000000000000000000000000000000000000000000000000000000000000000000000000000000000000000000000000000000000000000000000000000000000000000000000000000000000000000000000000000000000000000000000000000000000000000000000000000000000000000000000000000000000000000000000000000000000000000000000000000000000000000000000000000000000000000000000000
00000000000000000000000000000000000000000000000000000000000000000000000000000000000000000000000000000000000000000000000000000000000000000000000000000000000000000000000000000000000000000000000000000000000000000000000000000000000000000000000000000000000000000000000000000000000000000000000000000000000000000000000000000000000000000000000000000000000000000000000000000000000000000000000000000000000000000000000000000000000000000000000000000000000000000000000000000000000000000000000
00000000000000000000000000000000000000000000000000000000000000000000000000000000000000000000000000000000000000000000000000000000000000000000000000000000000000000000000000000000000000000000000000000000000000000000000000000000000000000000000000000000000000000000000000000000000000000000000000000000000000000000000000000000000000000000000000000000000000000000000000000000000000000000000000000000000000000000000000000000000000000000000000000000000000000000000000000000000000000000000
00000000000000000000000000000000000000000000000000000000000000000000000000000000000000000000000000000000000000000000000000000000000000000000000000000000000000000000000000000000000000000000000000000000000000000000000000000000000000000000000000000000000000000000000000000000000000000000000000000000000000000000000000000000000000000000000000000000000000000000000000000000000000000000000000000000000000000000000000000000000000000000000000000000000000000000000000000000000000000000000
00000000000000000000000000000000000000000000000000000000000000000000000000000000000000000000000000000000000000000000000000000000000000000000000000000000000000000000000000000000000000000000000000000000000000000000000000000000000000000000000000000000000000000000000000000000000000000000000000000000000000000000000000000000000000000000000000000000000000000000000000000000000000000000000000000000000000000000000000000000000000000000000000000000000000000000000000000000000000000000000
00000000000000000000000000000000000000000000000000000000000000000000000000000000000000000000000000000000000000000000000000000000000000000000000000000000000000000000000000000000000000000000000000000000000000000000000000000000000000000000000000000000000000000000000000000000000000000000000000000000000000000000000000000000000000000000000000000000000000000000000000000000000000000000000000000000000000000000000000000000000000000000000000000000000000000000000000000000000000000000000
00000000000000000000000000000000000000000000000000000000000000000000000000000000000000000000000000000000000000000000000000000000000000000000000000000000000000000000000000000000000000000000000000000000000000000000000000000000000000000000000000000000000000000000000000000000000000000000000000000000000000000000000000000000000000000000000000000000000000000000000000000000000000000000000000000000000000000000000000000000000000000000000000000000000000000000000000000000000000000000000
00000000000000000000000000000000000000000000000000000000000000000000000000000000000000000000000000000000000000000000000000000000000000000000000000000000000000000000000000000000000000000000000000000000000000000000000000000000000000000000000000000000000000000000000000000000000000000000000000000000000000000000000000000000000000000000000000000000000000000000000000000000000000000000000000000000000000000000000000000000000000000000000000000000000000000000000000000000000000000000000
00000000000000000000000000000000000000000000000000000000000000000000000000000000000000000000000000000000000000000000000000000000000000000000000000000000000000000000000000000000000000000000000000000000000000000000000000000000000000000000000000000000000000000000000000000000000000000000000000000000000000000000000000000000000000000000000000000000000000000000000000000000000000000000000000000000000000000000000000000000000000000000000000000000000000000000000000000000000000000000000
00000000000000000000000000000000000000000000000000000000000000000000000000000000000000000000000000000000000000000000000000000000000000000000000000000000000000000000000000000000000000000000000000000000000000000000000000000000000000000000000000000000000000000000000000000000000000000000000000000000000000000000000000000000000000000000000000000000000000000000000000000000000000000000000000000000000000000000000000000000000000000000000000000000000000000000000000000000000000000000000
00000000000000000000000000000000000000000000000000000000000000000000000000000000000000000000000000000000000000000000000000000000000000000000000000000000000000000000000000000000000000000000000000000000000000000000000000000000000000000000000000000000000000000000000000000000000000000000000000000000000000000000000000000000000000000000000000000000000000000000000000000000000000000000000000000000000000000000000000000000000000000000000000000000000000000000000000000000000000000000000
00000000000000000000000000000000000000000000000000000000000000000000000000000000000000000000000000000000000000000000000000000000000000000000000000000000000000000000000000000000000000000000000000000000000000000000000000000000000000000000000000000000000000000000000000000000000000000000000000000000000000000000000000000000000000000000000000000000000000000000000000000000000000000000000000000000000000000000000000000000000000000000000000000000000000000000000000000000000000000000000
00000000000000000000000000000000000000000000000000000000000000000000000000000000000000000000000000000000000000000000000000000000000000000000000000000000000000000000000000000000000000000000000000000000000000000000000000000000000000000000000000000000000000000000000000000000000000000000000000000000000000000000000000000000000000000000000000000000000000000000000000000000000000000000000000000000000000000000000000000000000000000000000000000000000000000000000000000000000000000000000
00000000000000000000000000000000000000000000000000000000000000000000000000000000000000000000000000000000000000000000000000000000000000000000000000000000000000000000000000000000000000000000000000000000000000000000000000000000000000000000000000000000000000000000000000000000000000000000000000000000000000000000000000000000000000000000000000000000000000000000000000000000000000000000000000000000000000000000000000000000000000000000000000000000000000000000000000000000000000000000000
00000000000000000000000000000000000000000000000000000000000000000000000000000000000000000000000000000000000000000000000000000000000000000000000000000000000000000000000000000000000000000000000000000000000000000000000000000000000000000000000000000000000000000000000000000000000000000000000000000000000000000000000000000000000000000000000000000000000000000000000000000000000000000000000000000000000000000000000000000000000000000000000000000000000000000000000000000000000000000000000
00000000000000000000000000000000000000000000000000000000000000000000000000000000000000000000000000000000000000000000000000000000000000000000000000000000000000000000000000000000000000000000000000000000000000000000000000000000000000000000000000000000000000000000000000000000000000000000000000000000000000000000000000000000000000000000000000000000000000000000000000000000000000000000000000000000000000000000000000000000000000000000000000000000000000000000000000000000000000000000000
00000000000000000000000000000000000000000000000000000000000000000000000000000000000000000000000000000000000000000000000000000000000000000000000000000000000000000000000000000000000000000000000000000000000000000000000000000000000000000000000000000000000000000000000000000000000000000000000000000000000000000000000000000000000000000000000000000000000000000000000000000000000000000000000000000000000000000000000000000000000000000000000000000000000000000000000000000000000000000000000
00000000000000000000000000000000000000000000000000000000000000000000000000000000000000000000000000000000000000000000000000000000000000000000000000000000000000000000000000000000000000000000000000000000000000000000000000000000000000000000000000000000000000000000000000000000000000000000000000000000000000000000000000000000000000000000000000000000000000000000000000000000000000000000000000000000000000000000000000000000000000000000000000000000000000000000000000000000000000000000000
00000000000000000000000000000000000000000000000000000000000000000000000000000000000000000000000000000000000000000000000000000000000000000000000000000000000000000000000000000000000000000000000000000000000000000000000000000000000000000000000000000000000000000000000000000000000000000000000000000000000000000000000000000000000000000000000000000000000000000000000000000000000000000000000000000000000000000000000000000000000000000000000000000000000000000000000000000000000000000000000
00000000000000000000000000000000000000000000000000000000000000000000000000000000000000000000000000000000000000000000000000000000000000000000000000000000000000000000000000000000000000000000000000000000000000000000000000000000000000000000000000000000000000000000000000000000000000000000000000000000000000000000000000000000000000000000000000000000000000000000000000000000000000000000000000000000000000000000000000000000000000000000000000000000000000000000000000000000000000000000000
00000000000000000000000000000000000000000000000000000000000000000000000000000000000000000000000000000000000000000000000000000000000000000000000000000000000000000000000000000000000000000000000000000000000000000000000000000000000000000000000000000000000000000000000000000000000000000000000000000000000000000000000000000000000000000000000000000000000000000000000000000000000000000000000000000000000000000000000000000000000000000000000000000000000000000000000000000000000000000000000
00000000000000000000000000000000000000000000000000000000000000000000000000000000000000000000000000000000000000000000000000000000000000000000000000000000000000000000000000000000000000000000000000000000000000000000000000000000000000000000000000000000000000000000000000000000000000000000000000000000000000000000000000000000000000000000000000000000000000000000000000000000000000000000000000000000000000000000000000000000000000000000000000000000000000000000000000000000000000000000000
00000000000000000000000000000000000000000000000000000000000000000000000000000000000000000000000000000000000000000000000000000000000000000000000000000000000000000000000000000000000000000000000000000000000000000000000000000000000000000000000000000000000000000000000000000000000000000000000000000000000000000000000000000000000000000000000000000000000000000000000000000000000000000000000000000000000000000000000000000000000000000000000000000000000000000000000000000000000000000000000
00000000000000000000000000000000000000000000000000000000000000000000000000000000000000000000000000000000000000000000000000000000000000000000000000000000000000000000000000000000000000000000000000000000000000000000000000000000000000000000000000000000000000000000000000000000000000000000000000000000000000000000000000000000000000000000000000000000000000000000000000000000000000000000000000000000000000000000000000000000000000000000000000000000000000000000000000000000000000000000000
00000000000000000000000000000000000000000000000000000000000000000000000000000000000000000000000000000000000000000000000000000000000000000000000000000000000000000000000000000000000000000000000000000000000000000000000000000000000000000000000000000000000000000000000000000000000000000000000000000000000000000000000000000000000000000000000000000000000000000000000000000000000000000000000000000000000000000000000000000000000000000000000000000000000000000000000000000000000000000000000
00000000000000000000000000000000000000000000000000000000000000000000000000000000000000000000000000000000000000000000000000000000000000000000000000000000000000000000000000000000000000000000000000000000000000000000000000000000000000000000000000000000000000000000000000000000000000000000000000000000000000000000000000000000000000000000000000000000000000000000000000000000000000000000000000000000000000000000000000000000000000000000000000000000000000000000000000000000000000000000000
00000000000000000000000000000000000000000000000000000000000000000000000000000000000000000000000000000000000000000000000000000000000000000000000000000000000000000000000000000000000000000000000000000000000000000000000000000000000000000000000000000000000000000000000000000000000000000000000000000000000000000000000000000000000000000000000000000000000000000000000000000000000000000000000000000000000000000000000000000000000000000000000000000000000000000000000000000000000000000000000
00000000000000000000000000000000000000000000000000000000000000000000000000000000000000000000000000000000000000000000000000000000000000000000000000000000000000000000000000000000000000000000000000000000000000000000000000000000000000000000000000000000000000000000000000000000000000000000000000000000000000000000000000000000000000000000000000000000000000000000000000000000000000000000000000000000000000000000000000000000000000000000000000000000000000000000000000000000000000000000000
00000000000000000000000000000000000000000000000000000000000000000000000000000000000000000000000000000000000000000000000000000000000000000000000000000000000000000000000000000000000000000000000000000000000000000000000000000000000000000000000000000000000000000000000000000000000000000000000000000000000000000000000000000000000000000000000000000000000000000000000000000000000000000000000000000000000000000000000000000000000000000000000000000000000000000000000000000000000000000000000
00000000000000000000000000000000000000000000000000000000000000000000000000000000000000000000000000000000000000000000000000000000000000000000000000000000000000000000000000000000000000000000000000000000000000000000000000000000000000000000000000000000000000000000000000000000000000000000000000000000000000000000000000000000000000000000000000000000000000000000000000000000000000000000000000000000000000000000000000000000000000000000000000000000000000000000000000000000000000000000000
00000000000000000000000000000000000000000000000000000000000000000000000000000000000000000000000000000000000000000000000000000000000000000000000000000000000000000000000000000000000000000000000000000000000000000000000000000000000000000000000000000000000000000000000000000000000000000000000000000000000000000000000000000000000000000000000000000000000000000000000000000000000000000000000000000000000000000000000000000000000000000000000000000000000000000000000000000000000000000000000
00000000000000000000000000000000000000000000000000000000000000000000000000000000000000000000000000000000000000000000000000000000000000000000000000000000000000000000000000000000000000000000000000000000000000000000000000000000000000000000000000000000000000000000000000000000000000000000000000000000000000000000000000000000000000000000000000000000000000000000000000000000000000000000000000000000000000000000000000000000000000000000000000000000000000000000000000000000000000000000000
00000000000000000000000000000000000000000000000000000000000000000000000000000000000000000000000000000000000000000000000000000000000000000000000000000000000000000000000000000000000000000000000000000000000000000000000000000000000000000000000000000000000000000000000000000000000000000000000000000000000000000000000000000000000000000000000000000000000000000000000000000000000000000000000000000000000000000000000000000000000000000000000000000000000000000000000000000000000000000000000
00000000000000000000000000000000000000000000000000000000000000000000000000000000000000000000000000000000000000000000000000000000000000000000000000000000000000000000000000000000000000000000000000000000000000000000000000000000000000000000000000000000000000000000000000000000000000000000000000000000000000000000000000000000000000000000000000000000000000000000000000000000000000000000000000000000000000000000000000000000000000000000000000000000000000000000000000000000000000000000000
00000000000000000000000000000000000000000000000000000000000000000000000000000000000000000000000000000000000000000000000000000000000000000000000000000000000000000000000000000000000000000000000000000000000000000000000000000000000000000000000000000000000000000000000000000000000000000000000000000000000000000000000000000000000000000000000000000000000000000000000000000000000000000000000000000000000000000000000000000000000000000000000000000000000000000000000000000000000000000000000
00000000000000000000000000000000000000000000000000000000000000000000000000000000000000000000000000000000000000000000000000000000000000000000000000000000000000000000000000000000000000000000000000000000000000000000000000000000000000000000000000000000000000000000000000000000000000000000000000000000000000000000000000000000000000000000000000000000000000000000000000000000000000000000000000000000000000000000000000000000000000000000000000000000000000000000000000000000000000000000000
00000000000000000000000000000000000000000000000000000000000000000000000000000000000000000000000000000000000000000000000000000000000000000000000000000000000000000000000000000000000000000000000000000000000000000000000000000000000000000000000000000000000000000000000000000000000000000000000000000000000000000000000000000000000000000000000000000000000000000000000000000000000000000000000000000000000000000000000000000000000000000000000000000000000000000000000000000000000000000000000
00000000000000000000000000000000000000000000000000000000000000000000000000000000000000000000000000000000000000000000000000000000000000000000000000000000000000000000000000000000000000000000000000000000000000000000000000000000000000000000000000000000000000000000000000000000000000000000000000000000000000000000000000000000000000000000000000000000000000000000000000000000000000000000000000000000000000000000000000000000000000000000000000000000000000000000000000000000000000000000000
00000000000000000000000000000000000000000000000000000000000000000000000000000000000000000000000000000000000000000000000000000000000000000000000000000000000000000000000000000000000000000000000000000000000000000000000000000000000000000000000000000000000000000000000000000000000000000000000000000000000000000000000000000000000000000000000000000000000000000000000000000000000000000000000000000000000000000000000000000000000000000000000000000000000000000000000000000000000000000000000
00000000000000000000000000000000000000000000000000000000000000000000000000000000000000000000000000000000000000000000000000000000000000000000000000000000000000000000000000000000000000000000000000000000000000000000000000000000000000000000000000000000000000000000000000000000000000000000000000000000000000000000000000000000000000000000000000000000000000000000000000000000000000000000000000000000000000000000000000000000000000000000000000000000000000000000000000000000000000000000000
00000000000000000000000000000000000000000000000000000000000000000000000000000000000000000000000000000000000000000000000000000000000000000000000000000000000000000000000000000000000000000000000000000000000000000000000000000000000000000000000000000000000000000000000000000000000000000000000000000000000000000000000000000000000000000000000000000000000000000000000000000000000000000000000000000000000000000000000000000000000000000000000000000000000000000000000000000000000000000000000
00000000000000000000000000000000000000000000000000000000000000000000000000000000000000000000000000000000000000000000000000000000000000000000000000000000000000000000000000000000000000000000000000000000000000000000000000000000000000000000000000000000000000000000000000000000000000000000000000000000000000000000000000000000000000000000000000000000000000000000000000000000000000000000000000000000000000000000000000000000000000000000000000000000000000000000000000000000000000000000000
00000000000000000000000000000000000000000000000000000000000000000000000000000000000000000000000000000000000000000000000000000000000000000000000000000000000000000000000000000000000000000000000000000000000000000000000000000000000000000000000000000000000000000000000000000000000000000000000000000000000000000000000000000000000000000000000000000000000000000000000000000000000000000000000000000000000000000000000000000000000000000000000000000000000000000000000000000000000000000000000
00000000000000000000000000000000000000000000000000000000000000000000000000000000000000000000000000000000000000000000000000000000000000000000000000000000000000000000000000000000000000000000000000000000000000000000000000000000000000000000000000000000000000000000000000000000000000000000000000000000000000000000000000000000000000000000000000000000000000000000000000000000000000000000000000000000000000000000000000000000000000000000000000000000000000000000000000000000000000000000000
00000000000000000000000000000000000000000000000000000000000000000000000000000000000000000000000000000000000000000000000000000000000000000000000000000000000000000000000000000000000000000000000000000000000000000000000000000000000000000000000000000000000000000000000000000000000000000000000000000000000000000000000000000000000000000000000000000000000000000000000000000000000000000000000000000000000000000000000000000000000000000000000000000000000000000000000000000000000000000000000
00000000000000000000000000000000000000000000000000000000000000000000000000000000000000000000000000000000000000000000000000000000000000000000000000000000000000000000000000000000000000000000000000000000000000000000000000000000000000000000000000000000000000000000000000000000000000000000000000000000000000000000000000000000000000000000000000000000000000000000000000000000000000000000000000000000000000000000000000000000000000000000000000000000000000000000000000000000000000000000000
00000000000000000000000000000000000000000000000000000000000000000000000000000000000000000000000000000000000000000000000000000000000000000000000000000000000000000000000000000000000000000000000000000000000000000000000000000000000000000000000000000000000000000000000000000000000000000000000000000000000000000000000000000000000000000000000000000000000000000000000000000000000000000000000000000000000000000000000000000000000000000000000000000000000000000000000000000000000000000000000
00000000000000000000000000000000000000000000000000000000000000000000000000000000000000000000000000000000000000000000000000000000000000000000000000000000000000000000000000000000000000000000000000000000000000000000000000000000000000000000000000000000000000000000000000000000000000000000000000000000000000000000000000000000000000000000000000000000000000000000000000000000000000000000000000000000000000000000000000000000000000000000000000000000000000000000000000000000000000000000000
00000000000000000000000000000000000000000000000000000000000000000000000000000000000000000000000000000000000000000000000000000000000000000000000000000000000000000000000000000000000000000000000000000000000000000000000000000000000000000000000000000000000000000000000000000000000000000000000000000000000000000000000000000000000000000000000000000000000000000000000000000000000000000000000000000000000000000000000000000000000000000000000000000000000000000000000000000000000000000000000
00000000000000000000000000000000000000000000000000000000000000000000000000000000000000000000000000000000000000000000000000000000000000000000000000000000000000000000000000000000000000000000000000000000000000000000000000000000000000000000000000000000000000000000000000000000000000000000000000000000000000000000000000000000000000000000000000000000000000000000000000000000000000000000000000000000000000000000000000000000000000000000000000000000000000000000000000000000000000000000000
00000000000000000000000000000000000000000000000000000000000000000000000000000000000000000000000000000000000000000000000000000000000000000000000000000000000000000000000000000000000000000000000000000000000000000000000000000000000000000000000000000000000000000000000000000000000000000000000000000000000000000000000000000000000000000000000000000000000000000000000000000000000000000000000000000000000000000000000000000000000000000000000000000000000000000000000000000000000000000000000
00000000000000000000000000000000000000000000000000000000000000000000000000000000000000000000000000000000000000000000000000000000000000000000000000000000000000000000000000000000000000000000000000000000000000000000000000000000000000000000000000000000000000000000000000000000000000000000000000000000000000000000000000000000000000000000000000000000000000000000000000000000000000000000000000000000000000000000000000000000000000000000000000000000000000000000000000000000000000000000000
00000000000000000000000000000000000000000000000000000000000000000000000000000000000000000000000000000000000000000000000000000000000000000000000000000000000000000000000000000000000000000000000000000000000000000000000000000000000000000000000000000000000000000000000000000000000000000000000000000000000000000000000000000000000000000000000000000000000000000000000000000000000000000000000000000000000000000000000000000000000000000000000000000000000000000000000000000000000000000000000
00000000000000000000000000000000000000000000000000000000000000000000000000000000000000000000000000000000000000000000000000000000000000000000000000000000000000000000000000000000000000000000000000000000000000000000000000000000000000000000000000000000000000000000000000000000000000000000000000000000000000000000000000000000000000000000000000000000000000000000000000000000000000000000000000000000000000000000000000000000000000000000000000000000000000000000000000000000000000000000000
00000000000000000000000000000000000000000000000000000000000000000000000000000000000000000000000000000000000000000000000000000000000000000000000000000000000000000000000000000000000000000000000000000000000000000000000000000000000000000000000000000000000000000000000000000000000000000000000000000000000000000000000000000000000000000000000000000000000000000000000000000000000000000000000000000000000000000000000000000000000000000000000000000000000000000000000000000000000000000000000
00000000000000000000000000000000000000000000000000000000000000000000000000000000000000000000000000000000000000000000000000000000000000000000000000000000000000000000000000000000000000000000000000000000000000000000000000000000000000000000000000000000000000000000000000000000000000000000000000000000000000000000000000000000000000000000000000000000000000000000000000000000000000000000000000000000000000000000000000000000000000000000000000000000000000000000000000000000000000000000000
00000000000000000000000000000000000000000000000000000000000000000000000000000000000000000000000000000000000000000000000000000000000000000000000000000000000000000000000000000000000000000000000000000000000000000000000000000000000000000000000000000000000000000000000000000000000000000000000000000000000000000000000000000000000000000000000000000000000000000000000000000000000000000000000000000000000000000000000000000000000000000000000000000000000000000000000000000000000000000000000
00000000000000000000000000000000000000000000000000000000000000000000000000000000000000000000000000000000000000000000000000000000000000000000000000000000000000000000000000000000000000000000000000000000000000000000000000000000000000000000000000000000000000000000000000000000000000000000000000000000000000000000000000000000000000000000000000000000000000000000000000000000000000000000000000000000000000000000000000000000000000000000000000000000000000000000000000000000000000000000000
00000000000000000000000000000000000000000000000000000000000000000000000000000000000000000000000000000000000000000000000000000000000000000000000000000000000000000000000000000000000000000000000000000000000000000000000000000000000000000000000000000000000000000000000000000000000000000000000000000000000000000000000000000000000000000000000000000000000000000000000000000000000000000000000000000000000000000000000000000000000000000000000000000000000000000000000000000000000000000000000
00000000000000000000000000000000000000000000000000000000000000000000000000000000000000000000000000000000000000000000000000000000000000000000000000000000000000000000000000000000000000000000000000000000000000000000000000000000000000000000000000000000000000000000000000000000000000000000000000000000000000000000000000000000000000000000000000000000000000000000000000000000000000000000000000000000000000000000000000000000000000000000000000000000000000000000000000000000000000000000000
00000000000000000000000000000000000000000000000000000000000000000000000000000000000000000000000000000000000000000000000000000000000000000000000000000000000000000000000000000000000000000000000000000000000000000000000000000000000000000000000000000000000000000000000000000000000000000000000000000000000000000000000000000000000000000000000000000000000000000000000000000000000000000000000000000000000000000000000000000000000000000000000000000000000000000000000000000000000000000000000
00000000000000000000000000000000000000000000000000000000000000000000000000000000000000000000000000000000000000000000000000000000000000000000000000000000000000000000000000000000000000000000000000000000000000000000000000000000000000000000000000000000000000000000000000000000000000000000000000000000000000000000000000000000000000000000000000000000000000000000000000000000000000000000000000000000000000000000000000000000000000000000000000000000000000000000000000000000000000000000000
00000000000000000000000000000000000000000000000000000000000000000000000000000000000000000000000000000000000000000000000000000000000000000000000000000000000000000000000000000000000000000000000000000000000000000000000000000000000000000000000000000000000000000000000000000000000000000000000000000000000000000000000000000000000000000000000000000000000000000000000000000000000000000000000000000000000000000000000000000000000000000000000000000000000000000000000000000000000000000000000
00000000000000000000000000000000000000000000000000000000000000000000000000000000000000000000000000000000000000000000000000000000000000000000000000000000000000000000000000000000000000000000000000000000000000000000000000000000000000000000000000000000000000000000000000000000000000000000000000000000000000000000000000000000000000000000000000000000000000000000000000000000000000000000000000000000000000000000000000000000000000000000000000000000000000000000000000000000000000000000000
00000000000000000000000000000000000000000000000000000000000000000000000000000000000000000000000000000000000000000000000000000000000000000000000000000000000000000000000000000000000000000000000000000000000000000000000000000000000000000000000000000000000000000000000000000000000000000000000000000000000000000000000000000000000000000000000000000000000000000000000000000000000000000000000000000000000000000000000000000000000000000000000000000000000000000000000000000000000000000000000
00000000000000000000000000000000000000000000000000000000000000000000000000000000000000000000000000000000000000000000000000000000000000000000000000000000000000000000000000000000000000000000000000000000000000000000000000000000000000000000000000000000000000000000000000000000000000000000000000000000000000000000000000000000000000000000000000000000000000000000000000000000000000000000000000000000000000000000000000000000000000000000000000000000000000000000000000000000000000000000000
00000000000000000000000000000000000000000000000000000000000000000000000000000000000000000000000000000000000000000000000000000000000000000000000000000000000000000000000000000000000000000000000000000000000000000000000000000000000000000000000000000000000000000000000000000000000000000000000000000000000000000000000000000000000000000000000000000000000000000000000000000000000000000000000000000000000000000000000000000000000000000000000000000000000000000000000000000000000000000000000
00000000000000000000000000000000000000000000000000000000000000000000000000000000000000000000000000000000000000000000000000000000000000000000000000000000000000000000000000000000000000000000000000000000000000000000000000000000000000000000000000000000000000000000000000000000000000000000000000000000000000000000000000000000000000000000000000000000000000000000000000000000000000000000000000000000000000000000000000000000000000000000000000000000000000000000000000000000000000000000000
00000000000000000000000000000000000000000000000000000000000000000000000000000000000000000000000000000000000000000000000000000000000000000000000000000000000000000000000000000000000000000000000000000000000000000000000000000000000000000000000000000000000000000000000000000000000000000000000000000000000000000000000000000000000000000000000000000000000000000000000000000000000000000000000000000000000000000000000000000000000000000000000000000000000000000000000000000000000000000000000
00000000000000000000000000000000000000000000000000000000000000000000000000000000000000000000000000000000000000000000000000000000000000000000000000000000000000000000000000000000000000000000000000000000000000000000000000000000000000000000000000000000000000000000000000000000000000000000000000000000000000000000000000000000000000000000000000000000000000000000000000000000000000000000000000000000000000000000000000000000000000000000000000000000000000000000000000000000000000000000000
00000000000000000000000000000000000000000000000000000000000000000000000000000000000000000000000000000000000000000000000000000000000000000000000000000000000000000000000000000000000000000000000000000000000000000000000000000000000000000000000000000000000000000000000000000000000000000000000000000000000000000000000000000000000000000000000000000000000000000000000000000000000000000000000000000000000000000000000000000000000000000000000000000000000000000000000000000000000000000000000
00000000000000000000000000000000000000000000000000000000000000000000000000000000000000000000000000000000000000000000000000000000000000000000000000000000000000000000000000000000000000000000000000000000000000000000000000000000000000000000000000000000000000000000000000000000000000000000000000000000000000000000000000000000000000000000000000000000000000000000000000000000000000000000000000000000000000000000000000000000000000000000000000000000000000000000000000000000000000000000000
00000000000000000000000000000000000000000000000000000000000000000000000000000000000000000000000000000000000000000000000000000000000000000000000000000000000000000000000000000000000000000000000000000000000000000000000000000000000000000000000000000000000000000000000000000000000000000000000000000000000000000000000000000000000000000000000000000000000000000000000000000000000000000000000000000000000000000000000000000000000000000000000000000000000000000000000000000000000000000000000
00000000000000000000000000000000000000000000000000000000000000000000000000000000000000000000000000000000000000000000000000000000000000000000000000000000000000000000000000000000000000000000000000000000000000000000000000000000000000000000000000000000000000000000000000000000000000000000000000000000000000000000000000000000000000000000000000000000000000000000000000000000000000000000000000000000000000000000000000000000000000000000000000000000000000000000000000000000000000000000000
00000000000000000000000000000000000000000000000000000000000000000000000000000000000000000000000000000000000000000000000000000000000000000000000000000000000000000000000000000000000000000000000000000000000000000000000000000000000000000000000000000000000000000000000000000000000000000000000000000000000000000000000000000000000000000000000000000000000000000000000000000000000000000000000000000000000000000000000000000000000000000000000000000000000000000000000000000000000000000000000
00000000000000000000000000000000000000000000000000000000000000000000000000000000000000000000000000000000000000000000000000000000000000000000000000000000000000000000000000000000000000000000000000000000000000000000000000000000000000000000000000000000000000000000000000000000000000000000000000000000000000000000000000000000000000000000000000000000000000000000000000000000000000000000000000000000000000000000000000000000000000000000000000000000000000000000000000000000000000000000000
00000000000000000000000000000000000000000000000000000000000000000000000000000000000000000000000000000000000000000000000000000000000000000000000000000000000000000000000000000000000000000000000000000000000000000000000000000000000000000000000000000000000000000000000000000000000000000000000000000000000000000000000000000000000000000000000000000000000000000000000000000000000000000000000000000000000000000000000000000000000000000000000000000000000000000000000000000000000000000000000
00000000000000000000000000000000000000000000000000000000000000000000000000000000000000000000000000000000000000000000000000000000000000000000000000000000000000000000000000000000000000000000000000000000000000000000000000000000000000000000000000000000000000000000000000000000000000000000000000000000000000000000000000000000000000000000000000000000000000000000000000000000000000000000000000000000000000000000000000000000000000000000000000000000000000000000000000000000000000000000000
00000000000000000000000000000000000000000000000000000000000000000000000000000000000000000000000000000000000000000000000000000000000000000000000000000000000000000000000000000000000000000000000000000000000000000000000000000000000000000000000000000000000000000000000000000000000000000000000000000000000000000000000000000000000000000000000000000000000000000000000000000000000000000000000000000000000000000000000000000000000000000000000000000000000000000000000000000000000000000000000
00000000000000000000000000000000000000000000000000000000000000000000000000000000000000000000000000000000000000000000000000000000000000000000000000000000000000000000000000000000000000000000000000000000000000000000000000000000000000000000000000000000000000000000000000000000000000000000000000000000000000000000000000000000000000000000000000000000000000000000000000000000000000000000000000000000000000000000000000000000000000000000000000000000000000000000000000000000000000000000000
00000000000000000000000000000000000000000000000000000000000000000000000000000000000000000000000000000000000000000000000000000000000000000000000000000000000000000000000000000000000000000000000000000000000000000000000000000000000000000000000000000000000000000000000000000000000000000000000000000000000000000000000000000000000000000000000000000000000000000000000000000000000000000000000000000000000000000000000000000000000000000000000000000000000000000000000000000000000000000000000
00000000000000000000000000000000000000000000000000000000000000000000000000000000000000000000000000000000000000000000000000000000000000000000000000000000000000000000000000000000000000000000000000000000000000000000000000000000000000000000000000000000000000000000000000000000000000000000000000000000000000000000000000000000000000000000000000000000000000000000000000000000000000000000000000000000000000000000000000000000000000000000000000000000000000000000000000000000000000000000000
00000000000000000000000000000000000000000000000000000000000000000000000000000000000000000000000000000000000000000000000000000000000000000000000000000000000000000000000000000000000000000000000000000000000000000000000000000000000000000000000000000000000000000000000000000000000000000000000000000000000000000000000000000000000000000000000000000000000000000000000000000000000000000000000000000000000000000000000000000000000000000000000000000000000000000000000000000000000000000000000
00000000000000000000000000000000000000000000000000000000000000000000000000000000000000000000000000000000000000000000000000000000000000000000000000000000000000000000000000000000000000000000000000000000000000000000000000000000000000000000000000000000000000000000000000000000000000000000000000000000000000000000000000000000000000000000000000000000000000000000000000000000000000000000000000000000000000000000000000000000000000000000000000000000000000000000000000000000000000000000000
00000000000000000000000000000000000000000000000000000000000000000000000000000000000000000000000000000000000000000000000000000000000000000000000000000000000000000000000000000000000000000000000000000000000000000000000000000000000000000000000000000000000000000000000000000000000000000000000000000000000000000000000000000000000000000000000000000000000000000000000000000000000000000000000000000000000000000000000000000000000000000000000000000000000000000000000000000000000000000000000
00000000000000000000000000000000000000000000000000000000000000000000000000000000000000000000000000000000000000000000000000000000000000000000000000000000000000000000000000000000000000000000000000000000000000000000000000000000000000000000000000000000000000000000000000000000000000000000000000000000000000000000000000000000000000000000000000000000000000000000000000000000000000000000000000000000000000000000000000000000000000000000000000000000000000000000000000000000000000000000000
00000000000000000000000000000000000000000000000000000000000000000000000000000000000000000000000000000000000000000000000000000000000000000000000000000000000000000000000000000000000000000000000000000000000000000000000000000000000000000000000000000000000000000000000000000000000000000000000000000000000000000000000000000000000000000000000000000000000000000000000000000000000000000000000000000000000000000000000000000000000000000000000000000000000000000000000000000000000000000000000
00000000000000000000000000000000000000000000000000000000000000000000000000000000000000000000000000000000000000000000000000000000000000000000000000000000000000000000000000000000000000000000000000000000000000000000000000000000000000000000000000000000000000000000000000000000000000000000000000000000000000000000000000000000000000000000000000000000000000000000000000000000000000000000000000000000000000000000000000000000000000000000000000000000000000000000000000000000000000000000000
00000000000000000000000000000000000000000000000000000000000000000000000000000000000000000000000000000000000000000000000000000000000000000000000000000000000000000000000000000000000000000000000000000000000000000000000000000000000000000000000000000000000000000000000000000000000000000000000000000000000000000000000000000000000000000000000000000000000000000000000000000000000000000000000000000000000000000000000000000000000000000000000000000000000000000000000000000000000000000000000
00000000000000000000000000000000000000000000000000000000000000000000000000000000000000000000000000000000000000000000000000000000000000000000000000000000000000000000000000000000000000000000000000000000000000000000000000000000000000000000000000000000000000000000000000000000000000000000000000000000000000000000000000000000000000000000000000000000000000000000000000000000000000000000000000000000000000000000000000000000000000000000000000000000000000000000000000000000000000000000000
00000000000000000000000000000000000000000000000000000000000000000000000000000000000000000000000000000000000000000000000000000000000000000000000000000000000000000000000000000000000000000000000000000000000000000000000000000000000000000000000000000000000000000000000000000000000000000000000000000000000000000000000000000000000000000000000000000000000000000000000000000000000000000000000000000000000000000000000000000000000000000000000000000000000000000000000000000000000000000000000
00000000000000000000000000000000000000000000000000000000000000000000000000000000000000000000000000000000000000000000000000000000000000000000000000000000000000000000000000000000000000000000000000000000000000000000000000000000000000000000000000000000000000000000000000000000000000000000000000000000000000000000000000000000000000000000000000000000000000000000000000000000000000000000000000000000000000000000000000000000000000000000000000000000000000000000000000000000000000000000000
00000000000000000000000000000000000000000000000000000000000000000000000000000000000000000000000000000000000000000000000000000000000000000000000000000000000000000000000000000000000000000000000000000000000000000000000000000000000000000000000000000000000000000000000000000000000000000000000000000000000000000000000000000000000000000000000000000000000000000000000000000000000000000000000000000000000000000000000000000000000000000000000000000000000000000000000000000000000000000000000
00000000000000000000000000000000000000000000000000000000000000000000000000000000000000000000000000000000000000000000000000000000000000000000000000000000000000000000000000000000000000000000000000000000000000000000000000000000000000000000000000000000000000000000000000000000000000000000000000000000000000000000000000000000000000000000000000000000000000000000000000000000000000000000000000000000000000000000000000000000000000000000000000000000000000000000000000000000000000000000000
00000000000000000000000000000000000000000000000000000000000000000000000000000000000000000000000000000000000000000000000000000000000000000000000000000000000000000000000000000000000000000000000000000000000000000000000000000000000000000000000000000000000000000000000000000000000000000000000000000000000000000000000000000000000000000000000000000000000000000000000000000000000000000000000000000000000000000000000000000000000000000000000000000000000000000000000000000000000000000000000
00000000000000000000000000000000000000000000000000000000000000000000000000000000000000000000000000000000000000000000000000000000000000000000000000000000000000000000000000000000000000000000000000000000000000000000000000000000000000000000000000000000000000000000000000000000000000000000000000000000000000000000000000000000000000000000000000000000000000000000000000000000000000000000000000000000000000000000000000000000000000000000000000000000000000000000000000000000000000000000000
00000000000000000000000000000000000000000000000000000000000000000000000000000000000000000000000000000000000000000000000000000000000000000000000000000000000000000000000000000000000000000000000000000000000000000000000000000000000000000000000000000000000000000000000000000000000000000000000000000000000000000000000000000000000000000000000000000000000000000000000000000000000000000000000000000000000000000000000000000000000000000000000000000000000000000000000000000000000000000000000
00000000000000000000000000000000000000000000000000000000000000000000000000000000000000000000000000000000000000000000000000000000000000000000000000000000000000000000000000000000000000000000000000000000000000000000000000000000000000000000000000000000000000000000000000000000000000000000000000000000000000000000000000000000000000000000000000000000000000000000000000000000000000000000000000000000000000000000000000000000000000000000000000000000000000000000000000000000000000000000000
00000000000000000000000000000000000000000000000000000000000000000000000000000000000000000000000000000000000000000000000000000000000000000000000000000000000000000000000000000000000000000000000000000000000000000000000000000000000000000000000000000000000000000000000000000000000000000000000000000000000000000000000000000000000000000000000000000000000000000000000000000000000000000000000000000000000000000000000000000000000000000000000000000000000000000000000000000000000000000000000
00000000000000000000000000000000000000000000000000000000000000000000000000000000000000000000000000000000000000000000000000000000000000000000000000000000000000000000000000000000000000000000000000000000000000000000000000000000000000000000000000000000000000000000000000000000000000000000000000000000000000000000000000000000000000000000000000000000000000000000000000000000000000000000000000000000000000000000000000000000000000000000000000000000000000000000000000000000000000000000000
00000000000000000000000000000000000000000000000000000000000000000000000000000000000000000000000000000000000000000000000000000000000000000000000000000000000000000000000000000000000000000000000000000000000000000000000000000000000000000000000000000000000000000000000000000000000000000000000000000000000000000000000000000000000000000000000000000000000000000000000000000000000000000000000000000000R00000000000000000000000000000000000000000000000000000000000000000000000000000000000000
0000000000000000000000000000000000000000000000000000000000000000000000000000000000000000000000000000000000000000000000000000000000000000000000000000000000000000000000000000000000000000000000000000000000000000000000000000000000000000000000000000000000000000000000000000000000000000000000000000000000000000000000000000000000000000000000000000000000000000000000000000000000000000000000000R0Q00QQQQ00R0R00000000000000000000000000000000000000000000000000000000000000000000000000000000
000000000000000000000000000000000000000000000000000000000000000000000000000000000000000000000000000000000000000000000000000000000000000000000000000000000000000000000000000000000000000000000000000000000000000000000000000000000000000000000000000000000000000000000000000000000000000000000000000000000000000000000000000000000000000000000000000000000000000000000000000000000000000000000000000R0NAUDRQ00R000000000000000000000000000000000000000000000000000000000000000000000000000000000
000000000000000000000000000000000000000000000000000000000000000000000000000000000000000000000000000000000000000000000000000000000000000000000000000000000000000000000000000000000000000000000000000000000000000000000000000000000000000000000000000000000000RR00000R0R000000000000000000000000000000000000000000000000000000000000000000000000000000000000000000000000000000000000000000000000000000QKSc>wK000R00000000000000000000000000000000000000000000000000000000000000000000000000000000
0000000000000000000000000000000000000000000000000000000000000000000000000000000000000000000000000000000000000000000000000000000000000000000000000000000000000000000000000000000000000000000000000000000000000000000000000000000000000000000000000000RR0R0QQQNUBQQ0RR000000000000000000000000000000000000000000000000000000000000000000000000000000000000000000000000000000000000000000000000000R0000QQQF^-uKR0000R00000000000000000000000000000000000000000000000000000000000000000000000000000
00000000000000000000000000000000000000000000000000000000000000000000000000000000000000000000000000000000000000000000000000000000000000000000000000000000000000000000000000000000000000000000000000000000000000000000000000000000000000000000000000000RRMN&AKyxqkq&00000000000000000000000000000000000000000000000000000000000000000000000000000000000000000000000000000000000000000000000000000R000000R0q'+mMQ000000000000000000000000000000000000000000000000000000000000000000000000000000000
00000000000000000000000000000000000000000000000000000000000000000000000000000000000000000000000000000000000000000000000000000000000000000000000000000000000000000000000000000000000000000000000000000000000000000000000000000000000000000000000000000R0MD4nI+/{thN0MMRR000000000000000000000000000000000000000000000000000000000000000000000000000000000000000000000000000000000000000000000000000R00RQ5?- 7KQQ0000000R000000000000000000000000000000000000000000000000000000000000000000000000
0000000000000000000000000000000000000000000000000000000000000000000000000000000000R00000R00000000000000000000000000000000000000000000000000000000000000000000000000000000000000000000000000000000000000000000000000000000000000000000000000000000000000MKd*'   )a6ANRR0000000000000000000000000000000000000000000000000000000000000000000000000000000000000000000000000000000000000000000000000000RRRQQw+. ;!2g&NQQQQQ000R00R0000R0000R00000000000000000000000000000000000000000000000000000000
000000000000000000000000000000000000000000000000000000000000000000000000000000000000000000000R000000000000000000000000000000000000000000000000000000000000000000000000000000000000000000000000000000000000000000000000000000000000000000000000000R0000Q@2{,    %m$NRRR0000000000000000000000000000000000000000000000000000000000000000000000000000000000000000000000000000000000000000000000000R00RRQWpc^    .:"snd@WQQQQQ000R0RM00RR0R00000R00000000000000000RR000000R000000000000000000000000
00000000000000000000000000000000000000000000000000000000000000000000000000000000000R0RQQQ00000000000000000000000000000000000000000000000000000000000000000000000000000000000000000000000000000000000000000000000000000000000000000000000000000000000QQQQAJ" `  )CARQ00000000000000000000000000000000000000000000000000000000000000000000000000000000000000000000000000000000000000000000000000000R0RHz,      .    '|l#4@RQQQQQQRQQQQQRMRR00000000000000000RRRQQ0RR00RR0000000000000000000000000
00000000000000000000000000000000000000000000000000000000000000000000000000000000Q0Q00RAbKM00R0000000000000000000000000000000000000000000000000000000000000000000000000000000000000000000000000000000000000000000000000000000000000000000000000000Q0QQMG7/.     . ^aGNQQQ000000000000000000000000000000000000000000000000000000000000000000000000000000000000000000000000000000000000000000000000RMQYt:                -+r7p$D@BWY#zomDRRR000000000000000RR0QW8Y@N00RR0R000000000000000000000000
00000000000000000000000000000000000000000000000000000000000000000000000000000000QRWNW2^=qN0MR000000000000000000000000000000000000000000000000000000000000000000000000000000000000000000000000000000000000000000000000000000000000000000R0000QQQQQQQME!:        .   ^!4W0000RR00R0000000000000000000000000000000000000000000000000000000000000000000000000000000000000000000000000000000000000000RR&}..                     =|=<)^   xk0R0000RRRRRRRR0000R0Q$J%7dDR0R000000000000000000000000000
000000000000000000000000000000000000000000000000000000000000000000000000000000R0Rdiir^ `18QMW00R00000000000000000000000000000000000000000000000000000000000000000000000000000000000000000000000000000000000000000000000000000000000000000QQQWBMQQQk7^                _l6H0R000000000000000000000000000000000000000000000000000000000000000000000000000000000000000000000000000000000000000000RRRQYs`     .                     `  .vVNR0000000RRRRRR0000R0Ba` 7$W0R0000000000000000000000000000
00000000000000000000000000000000000000000000000000000000000000000000000000000000RKC: .  -%5U0Q0000000000000000000000000000000000000000000000000000000000000000000000000000000000000000000000000000000000000000000000000000000000RR00RR0QWkqorvcen?=                    -*g$b&R00Q0RRR000000000000000000000000000000000000000000000000000000000000000000000000000000000000000000000000000000RQQ0Qb% `                            ..lZRNR000000000000000000R#- {g00QR0R00000000000000000000000000
0000000000000000000000000000000000000000000000000000000000000000000000000000R0RRR0X\ `    ^?m&MQ000000000000000000000000000000000000000000000000000000000000000000000000000000000000000000000000000000000000000000000000000000000000RR0QZl                               +v/<2KW8HRRRR0000000000000000000000000000000000000000000000000000000000000000000000000000000000000000000000000000RQHDQD!.`.                           _--nNBB0RRRRR0000000000R0Mw: }b000000000000000000000000000000000
0000000000000000000000000000000000000000000000000000000000000000000000000R0R0QQ0Q8s:-        /u&R0000R00000000000000000000000000000000000000000000000000000000000000000000000000000000000000000000000000000000000000000000000000000000Q08Ci` `                               '\>rP0WMR00000000000000000000000000000000000000000000000000000000000000000000000000000000000000000000000QQ000k3}<ut: .                            ` .JRMMRRRRRR00R000000RQQp; cbRQ00000000000000000000000000000000
0000000000000000000000000000000000000000000000000000000000000000000000000R00RR0QWV]|`         `cVQR00R0R0000000000000000000000000000000000000000000000000000000000000000000000000000000000000000000000000000000000000000000000000000000QQQ$u;                                 ,LAMMR0R00000000000000000000000000000000000000000000000000000000000000000000000000000000000000000000000QQ0Q&{                                    .. =eY0RMR0RR00R000QR0QR6= {&WR000000000000000000000000000000000
0000000000000000000000000000000000000000000000000000000000000000000000000Q0QQQWpr'.         .. >GQR0RR00000000000000000000000000000000000000000000000000000000000000000000000000000000000000000000000000000000000000000000000000000000QQ0RQH3>..                            .l40Q000000000000000000000000000000000000000000000000000000000000000000000000000000000000000000000000000000RQ$3[c:                                   .. "d0RR00R00000QQR0RS; xXQ0RR00000000000000000000000000000000
00000000000000000000000000000000000000000000000000000000R0000R000R0000000QQR&wr_   ..         ^yRQR0RR000000000000000000000000000000000000000000000000000000000000000000000000000000000000000000000000000000000000000000000000000000000Q0R0Qg%`.                            rA0RRRRR00000000000000000000000000000000000000000000000000000000000000000000000000000000000000000000000000000QQRBG7=. .                               `. %G0RR000R0000Q00d+ xbR000000000000000000000000000000000000
000000000000000000000000000000000000000000000000000000000R000000R0Q000R0R@qI"                 '}VRQQ0QR000000000000000000000000000000000000000000000000000000000000000000000000000000000000000000000000000000000000000000000000000000000R00kI.                              |dQ00000000000000000000000000000000000000000000000000000000000000000000000000000000000000000000000000000000R0000QQQgv. .                                . {$0MRR00R0R0RQE| )VRRR00000000000000000000000000000000000
00000000000000000000000000000000000000000000000000000000RQR0000QQQQQQQRY7\`                     '?ENR0QQ00000000000000000000000000000000000000000000000000000000000000000000000000000000000000000000000000000000000000000000000000000000R0Nw,                             .  *8Q00000000000000000000000000000000000000000000000000000000000000000000000000000000000000000000000000000000R00R00QW7_ ..                              .. \k0WR0R00R00QGr "SMRR0R0R00000000000000000000000000000000
00000000000000000000000000000000000000000000000000000000R0R0QQREfnwgYS];                          'i{e3XQQQQ00000000000000000000000000000000000000000000000000000000000000000000000000000000000000000000000000000000000000000000000000000Q&!. .                              {AQ000000000000000000000000000000000000000000000000000000000000000000000000000000000000000000000000000000000000R000n_ .                               `.'}$0MR0000R0QZ% ;2R0R0RR0000000000000000000000000000000000
000000000000000000000000000000000000000000000000000000000R000Rh_   .`                                  =]#*TW0R0R00000000000000000000000000000000000000000000000000000000000000000000000000000000000000000000000000000000000000000000000QMp"                               .rG000000000000000000000000000000000000000000000000000000000000000000000000000000000000000000000000000000000000000000w, .                               _ 1A0RR00000MQk) :yW0RRRRRR000000000000000000000000000000000
00000000000000000000000000000000000000000000000000000000R0R0RGl  .-`  `                                 . .!&QRRRR0000000000000000000000000000000000000000000000000000000000000000000000000000000000000000000000000000000000000000000000Q$t-                             ,xnY0RR000000000000000000000000000000000000000000000000000000000000000000000000000000000000000000000000000000000000000Q4) .                              `*v6BRR000QQ0Qkr =CHR0RRR000000000000000000000000000000000000
000000000000000000000000000000000000000000000000000000000RRRNKZu=  .                                    `xSDRNQ0Q0000000000000000000000000000000000000000000000000000000000000000000000000000000000000000000000000000000000000000000000QNg)                           `%TPWMRQ000000000000000000000000000000000000000000000000000000000000000000000000000000000000000000000000000000000000000000N}...                             `pO8MRRR0QQ0Qk{-_fW000RR0000000000000000000000000000000000000
00000000000000000000000000000000000000000000000000000000R00000Q04%  .                                  ,7$Q0RR000000000000000000000000000000000000000000000000000000000000000000000000000000000000000000000000000000000000000000000000Q0b}- .                         >EQQ0QQ0R0000000000000000000000000000000000000000000000000000000000000000000000000000000000000000000000000000000000000000QQS\  .                         '.  2BMM0RRQQQQUt.-zD0RRRR000R0000000000R000000000000000000R0000
0000000000000000000000000000000000000000000000000000000000000000QPr`.                                 _aBQ0MR0R00000000000000000000000000000000000000000000000000000000000000000000000000000000000000000000000000000000000000000000000QWf^ -_                      `_.?@QRR00MRRR0000000000000000000000000000000000000000000000000000000000000000000000000000000000000000000000000000000000000QRQDz_ ..                        `. <YQQQQQQQQQ8*-.e@QRRR000R0R0R0Q0000000R00R00R0000000000000RR0
00000000000000000000000000000000000000000000000000000000000000000Rq= .                                .\mMQ0Q0R00000000000000000000000000000000000000000000000000000000000000000000000000000000000000000000000000000000000000000000000Q@t-*]'                   .`."uwqD0R0Q0R0R000000000000000000000000000000000000000000000000000000000000000000000000000000000000000000000000000000000000000R0Q$e:                          :>-i5qSXGPGKH@] .{ANDQQRQQQQQQQQQQQQQQQQQQQQQR0QQ0000000QQQ0R00R
0000000000000000000000000000000000000000000000000000000000000000RE)                                  .. "hQQQ0000000000000000000000000000000000000000000000000000000000000000000000000000000000000000000000000000000000000000000000000QBmC$g^                   ..  /!mABRRQQQQQ00000000000000000000000000000000000000000000000000000000000000000000000000000000000000000000000000000000000000000RQUs. .                         . . .'__')=/' .=vctmmJTTLzny6S4Ed4EgFujTf2hk@MQQQQQQQQNBWMMkkB
000000000000000000000000000000000000000000000000000000000000000RU}                                       )dRQ000000000000000000000000000000000000000000000000000000000000000000000000000000000000000000000000000000000000000000000RR00RRRRQ8?                         .^%7gZ$WDKW00R000000R0R0000000000000000000000000000000000000000000000000000000000000000000000000000000000000000000000000RQQ00RX=    ..                          ..                     .  .  ..       ')>1J2fghyI)+"%s^_"
000000000000000000000000000000000000000000000000000000000000000Rg"                                       .lg0Q000000000000000000000000000000000000000000000000000000000000000000000000000000000000000000000000000000000000000000000QQQQQW@&ql-                            ._=\\i78QQ00QQR00R000000000000000000000000000000000000000000000000000000000000000000000000000000000000000000000000000WSwfbWsxxl,^v;                                                                      .           
000000000000000000000000000000000000000000000000000000000000000ROl                                        _7DQ0000000000000000000000000000000000000000000000000000000000000000000000000000000000000000000000000000000000000000000QR&mwfzx",_.                                   `aOQQ82CYMQQRRR00000000000000000000000000000000000000000000000000000000000000000000000000000000000000000000000Q4<  ;\)]cr><?).                                                                                 
00000000000000000000000000000000000000000000000000000000000000000H2%'`                                    .|3QR0000000000000000000000000000000000000000000000000000000000000000000000000000000000000000000000000000000000000000R00d).                                             "7u<  ){J@QRRRR000000000000000000000000000000000000000000000000000000000000000000000000000000000000000000000Qq".                                                                              .              
00000000000000000000000000000000000000000000000000000000000000RR0QQKgme<                                   .?Q0Q000000000000000000000000000000000000000000000000000000000000000000000000000000000000000000000000000000000000000RQNT.                                                   .  =zXB000000000000000000000000000000000000000000000000000000000000000000000000000000000000000000000000Qm" .                                                                                            
0000000000000000000000000000000000000000000000000000000000000000R0000QQG-                                  .IQ0M0000000000000000000000000000000000000000000000000000000000000000000000000000000000000000000000000000000000000000008T"                                                    _|;'TBQ000000000000000000000000000000000000000000000000000000000000000000000000000000000000000000000QQHj_                                                                                             
00000000000000000000000000000000000000000000000000000000000000000R00R0QWt. .                               'TQRR00000000000000000000000000000000000000000000000000000000000000000000000000000000000000000000000000000000000000000R0Nq>                                                      "FBR0R00000000000000000000000000000000000000000000000000000000000000000000000000000000000000000000QMj_ .                                                =||;:_`.                      .`_'::'::'::'
000000000000000000000000000000000000000000000000000000000000000000R00R0R8*                              . '18QR00000000000000000000000000000000000000000000000000000000000000000000000000000000000000000000000000000000000000000000QWm%.                                                   `")!YQQ000000000000000R0R00000000000000000000000000000000000000000000000000000000000000000000000000QX). `                                          =cItaJPU$bG4S5#jz*r%)"=;'':-';|>>17nfSdZ&AbbkO&AG
0000000000000000000000000000000000000000000000000000000000000000RR00RRRRRgt+` `                      .   'L$Q0R000000000000000000000000000000000000000000000000000000000000000000000000000000000000000000000000000000000000000000000QQ@T+                              `_.                 .  `%F@QQQR00R0QQ000000R000000000000000000000000000000000000000000000000000000000000000000000000000Q4| ..                                      `.-vgBM0QQQRRQQQQQQQQRNWD@&AbPbGY&UDDQQQQQQQQQQQQQQQQ
0000000000000000000000000000000000000000000000000000000000000000RR00R00000MAFv-                   .`.'v[*uKM00000000000000000000000000000000000000000000000000000000000000000000000000000000000000000000000000000000000000000000000000QM6<   ..                        ..                 .```. .|InhADMR0R0QQQQQQQ0Q0000000000000000000000000000000000000000000000000000000000000000000000000QOr.                                          <GQ0Q000RR0R00000000Q00QQQQQQQQQQ0QRR0R0000000R0000
00000000000000000000000000000000000000000000000000000000000000000R000QQQQ0NB$6v                   `+%f&BBHQQ0Q0000000000000000000000000000000000000000000000000000000000000000000000000000000000000000000000000000000000000000000000000QWh{,..                                              `/v"`   `=)l*!ItC3CJygD000000000000000000000000000000000000000000000000000000000000000000000000000QREc.                                         -IARQR0RRRR00RR00000R0000R000000000RRR0R0000000000R
0000000000000000000000000000000000000000000000000000000000000000R000QR8gJ*>\/:_                   `'|T$QQQ00000000000000000000000000000000000000000000000000000000000000000000000000000000000000000000000000000000000000000000000000000QQMDm).                                 .             .=v+...            -t8Q0R000000000000000000000000000000000000000000000000000000000000000000000000QQQh|                                           l&0MRRRR00000000000000000000000000000000000000000
0000000000000000000000000000000000000000000000000000000000000000R00Nd]/`.. .                          xhBQ000Q000000000000000000000000000000000000000000000000000000000000000000000000000000000000000000000000000000000000000000000000000QQA{...                               .:vsl%^         ```..          . iXR0RR000000000000000000000000000000000000000000000000000000000000000000000000QQ0Ml.                                           TD0000R00000000000000000000000000000000000000000
0000000000000000000000000000000000000000000000000000000000000RRRR0Rm+   `` .                        . .=uKQR0R0000000000000000000000000000000000000000000000000000000000000000000000000000000000000000000000000000000000000000000000000Q00QE).                                .v5KRMWZJ|        `,:`          'r4R0R0000000000000000000000000000000000000000000000000000000000000000000000000000RRo-                                         . |hR0R0R00000000000000000000000000000000000000000
000000000000000000000000000000000000000000000000000000000000000RMWZ*` .  .                              '?bQ0R0000000000000000000000000000000000000000000000000000000000000000000000000000000000000000000000000000000000000000000000000Q0QRf:                            ;v}t#V$WMR0QQQP1|`     vT*_        ./u8Q0R0000000000000000000000000000000000000000000000000000000000000000000000000000R0Q5:                                          . nM0R0000000000000000000000000000000000000000000
00000000000000000000000000000000000000000000000000000000000000000Yc                                      `vVQRMQ00000000000000000000000000000000000000000000000000000000000000000000000000000000000000000000000000000000000000000R0000RRQWg%..                         `?EBQQQQQQ000Q00QBA6[i>sLZD6"       |LYNQ00000000000000000000000000000000000000000000000000000000000000000000000000000000MQ8I.  . ..                                     uN0R00Q0000000000000000000000000000000000000000
00000000000000000000000000000000000000000000000000000000000000R00$}                                      . |6WQ0Q00000000000000000000000000000000000000000000000000000000000000000000000000000000000000000000000000000000000000RRRRRQ0M0M3^ `.                       .:?bQ000RR000000000QQQRBDWNRQ8v    'iJ&0QR0R0000000000000000000000000000000000000000000000000000000000000000000000000000000RQR@2i`_ `'|]v`                                'pMMR00Q0000000000000000000000000000000000000000
0000000000000000000000000000000000000000000000000000000000000000RXc                                     ..  |ZQ00000000000000000000000000000000000000000000000000000000000000000000000000000000000000000000000000000000000000000RRRRRR0Uu^                           :eXBQRR0RR00000000000RRR0Q00QB7|<sJPDQQ00000000000000000000000000000000000000000000000000000000000000000000000000000000000R0R0RQBd5uwgkMg)                                \P0NR00Q0000000000000000000000000000000000000000
QQQQQQQQQQQQ00R0000000000000000000000000000000000000000000000000M5^                                     .. -*bQQ0000000000000000000000000000000000000000000000000000000000000000000000000000000000000000000000000000000000000000RRRRR006^  .                        _[&0R00000000000000000000R000QQMHDMQQQQ0Q0000000000000000000000000000000000000000000000000000000000000000000000000000000000RR000RQQQQQQQQAl.                               s$QM00000000000000000000000000000000000000000000
WWB$PGGPh4&HRQR00000000000000000000000000000000000000000000R000QMy'                                     ...;J0RR0000000000000000000000000000000000000000000000000000000000000000000000000000000000000000000000000000000000000000RRRR0R0Hq!/`                       ;u@Q00000000000000000000000000000QQQ00000000000000000000000000000000000000000000000000000000000000000000000000000000000000000RRRRRR00R00RQ8}`                               ]@QM000Q0000000000000000000000000000000000000000
x%i/__'_..^rmWQ0R0000000000000000000000000000000000000000QQQQQQWX?`                                      ..`1R000000000000000000000000000000000000000000000000000000000000000000000000000000000000000000000000000000000000000000R0RR000RQHt..                      =zYRQ000000000000000000000000000000000000000000000000000000000000000000000000000000000000000000000000000000000000000000000000000000000R00Qu-                                jN0000Q00000000000000000000000000000000000000000
    .....   "hQ0R000000000000000000000000R000000QQQQQQQQ0D&E5#!c;  .                                     . .aRRM0000000000000000000000000000000000000000000000000000000000000000000000000000000000000000000000000000000000000000RR00RRRRQBj- .                       )yDQ00000000000000000000000000000000000000000000000000000000000000000000000000000000000000000000000000000000000000000000000000000000000QJ+                                2RR0Q00000R0000000000000000000000000000000000000
             igMQQQ00R0000R0RR0000000000R0R00QQQMH&GXSy7{\,`                                              :1YQNWRR00000000000000000000000000000000000000000000000000000000000000000000000000000000000000000000000000000000000000RRR0RRMQH#+                           ;JBQ00000000000000000000000000000000000000000000000000000000000000000000000000000000000000000000000000000000000000000000000000000RR0RR0Rkwi..                           `dRR0Q0000000000000000000000000000000000000000000
            . :Iu4$DQQQ00M00R0R0000000RRMRQQQKgJ!)|'_`                                                    >4Q00RRR0000000000000000000000000000000000000000000000000000000000000000000000000000000000000000000000000000000000000RR00000QHT,                             ;TKQR00R0000000000000000000000000000000000000000000000000000000000000000000000000000000000000000000000000000000000000000000000000R00R0QQQa_.                         . -P0R000000000000000000000000000000000000000000000
                .'|rzSYB0WMQQ0QQQQQQQQQQ0Dg2Tv_                                                           'oBQ00000000000000000000000000000000000000000000000000000000000000000000000000000000000000000000000000000000000000000RR0000QWn_                               ;JDQ0RR000000000000000000000000000000000000000000000000000000000000000000000000000000000000000000000000000000000000000000000000000M0QWk7'``                        .  \PRRRR0R00000000000000000000000000000000000000000
                      ;i!yG$NMNKUb4SpF2#zl                     '_=)c!I|                                    |q0QRRR0000000000000000000000000000000000000000000000000000000000000000000000000000000000000000000000000000000000000R000QQ0Ei                                 "mRQ0000000000000000000000000000000000000000000000000000000000000000000000000000000000000000000000000000000000000000000000R0R0R0Q0WGe=...                          `%F@0R0R0R00000000000000000000000000000000000000000
                   ..     -\v{v/^_..      .         .     -=\*oymP$DNBp;                                   `{AQ00000000000000000000000000000000000000000000000000000000000000000000000000000000000000000000000000000000000000000R0Q0Q@j:                               .- vgR00000000000000000000000000000000000000000000000000000000000000000000000000000000000000000000000000000000000000000000R00R0RMQNb}-                               xERQRR0R00R0000000000000000000000000000000000000000
                                         ..        .`'")jfhZ@BBQR0QQRQBn^                                   ;pQQQ000000000000000000000000000000000000000000000000000000000000000000000000000000000000000000000000000000000000000RR0R04)                                 -.`?Y00R0000000000000000000000000000000000000000000000000000000000000000000000000000000000000000000000000000000000000000R000M0R0b?:  .                              ;yD0MR00RR00000000000000000000000000000000000000000
                                              ^|.,)*JgOHWRQQQQRDRRMRR00B#=                                  '#QQQQ0000000000000000000000000000000000000000000000000000000000000000000000000000000000000000000000000000000000000R00RRQV|                                  . :CWQRR000000000000000000000000000000000000000000000000000000000000000000000000000000000000000000000000000000000000000R000WRMEc `                                . .uDQMR00000000000000000000000000000000000000000000