00000000000000000000000000000000000000000000000000000000000000000000000000000000000000000000000000000000000000000000000000000000000000000000000000000000000000000000000000000000000000000000000000000000000000000000000000000000000000000000000000000000000000000000000000000000000000000000000000000000000000000000000000000000000000000000000000000000000000000000000000000000000000000000000000000000000000000000000000000000000000000000000000000000000000000000000000000000000000000000000
00000000000000000000000000000000000000000000000000000000000000000000000000000000000000000000000000000000000000000000000000000000000000000000000000000000000000000000000000000000000000000000000000000000000000000000000000000000000000000000000000000000000000000000000000000000000000000000000000000000000000000000000000000000000000000000000000000000000000000000000000000000000000000000000000000000000000000000000000000000000000000000000000000000000000000000000000000000000000000000000
00000000000000000000000000000000000000000000000000000000000000000000000000000000000000000000000000000000000000000000000000000000000000000000000000000000000000000000000000000000000000000000000000000000000000000000000000000000000000000000000000000000000000000000000000000000000000000000000000000000000000000000000000000000000000000000000000000000000000000000000000000000000000000000000000000000000000000000000000000000000000000000000000000000000000000000000000000000000000000000000
00000000000000000000000000000000000000000000000000000000000000000000000000000000000000000000000000000000000000000000000000000000000000000000000000000000000000000000000000000000000000000000000000000000000000000000000000000000000000000000000000000000000000000000000000000000000000000000000000000000000000000000000000000000000000000000000000000000000000000000000000000000000000000000000000000000000000000000000000000000000000000000000000000000000000000000000000000000000000000000000
00000000000000000000000000000000000000000000000000000000000000000000000000000000000000000000000000000000000000000000000000000000000000000000000000000000000000000000000000000000000000000000000000000000000000000000000000000000000000000000000000000000000000000000000000000000000000000000000000000000000000000000000000000000000000000000000000000000000000000000000000000000000000000000000000000000000000000000000000000000000000000000000000000000000000000000000000000000000000000000000
00000000000000000000000000000000000000000000000000000000000000000000000000000000000000000000000000000000000000000000000000000000000000000000000000000000000000000000000000000000000000000000000000000000000000000000000000000000000000000000000000000000000000000000000000000000000000000000000000000000000000000000000000000000000000000000000000000000000000000000000000000000000000000000000000000000000000000000000000000000000000000000000000000000000000000000000000000000000000000000000
00000000000000000000000000000000000000000000000000000000000000000000000000000000000000000000000000000000000000000000000000000000000000000000000000000000000000000000000000000000000000000000000000000000000000000000000000000000000000000000000000000000000000000000000000000000000000000000000000000000000000000000000000000000000000000000000000000000000000000000000000000000000000000000000000000000000000000000000000000000000000000000000000000000000000000000000000000000000000000000000
00000000000000000000000000000000000000000000000000000000000000000000000000000000000000000000000000000000000000000000000000000000000000000000000000000000000000000000000000000000000000000000000000000000000000000000000000000000000000000000000000000000000000000000000000000000000000000000000000000000000000000000000000000000000000000000000000000000000000000000000000000000000000000000000000000000000000000000000000000000000000000000000000000000000000000000000000000000000000000000000
00000000000000000000000000000000000000000000000000000000000000000000000000000000000000000000000000000000000000000000000000000000000000000000000000000000000000000000000000000000000000000000000000000000000000000000000000000000000000000000000000000000000000000000000000000000000000000000000000000000000000000000000000000000000000000000000000000000000000000000000000000000000000000000000000000000000000000000000000000000000000000000000000000000000000000000000000000000000000000000000
00000000000000000000000000000000000000000000000000000000000000000000000000000000000000000000000000000000000000000000000000000000000000000000000000000000000000000000000000000000000000000000000000000000000000000000000000000000000000000000000000000000000000000000000000000000000000000000000000000000000000000000000000000000000000000000000000000000000000000000000000000000000000000000000000000000000000000000000000000000000000000000000000000000000000000000000000000000000000000000000
00000000000000000000000000000000000000000000000000000000000000000000000000000000000000000000000000000000000000000000000000000000000000000000000000000000000000000000000000000000000000000000000000000000000000000000000000000000000000000000000000000000000000000000000000000000000000000000000000000000000000000000000000000000000000000000000000000000000000000000000000000000000000000000000000000000000000000000000000000000000000000000000000000000000000000000000000000000000000000000000
00000000000000000000000000000000000000000000000000000000000000000000000000000000000000000000000000000000000000000000000000000000000000000000000000000000000000000000000000000000000000000000000000000000000000000000000000000000000000000000000000000000000000000000000000000000000000000000000000000000000000000000000000000000000000000000000000000000000000000000000000000000000000000000000000000000000000000000000000000000000000000000000000000000000000000000000000000000000000000000000
00000000000000000000000000000000000000000000000000000000000000000000000000000000000000000000000000000000000000000000000000000000000000000000000000000000000000000000000000000000000000000000000000000000000000000000000000000000000000000000000000000000000000000000000000000000000000000000000000000000000000000000000000000000000000000000000000000000000000000000000000000000000000000000000000000000000000000000000000000000000000000000000000000000000000000000000000000000000000000000000
00000000000000000000000000000000000000000000000000000000000000000000000000000000000000000000000000000000000000000000000000000000000000000000000000000000000000000000000000000000000000000000000000000000000000000000000000000000000000000000000000000000000000000000000000000000000000000000000000000000000000000000000000000000000000000000000000000000000000000000000000000000000000000000000000000000000000000000000000000000000000000000000000000000000000000000000000000000000000000000000
00000000000000000000000000000000000000000000000000000000000000000000000000000000000000000000000000000000000000000000000000000000000000000000000000000000000000000000000000000000000000000000000000000000000000000000000000000000000000000000000000000000000000000000000000000000000000000000000000000000000000000000000000000000000000000000000000000000000000000000000000000000000000000000000000000000000000000000000000000000000000000000000000000000000000000000000000000000000000000000000
00000000000000000000000000000000000000000000000000000000000000000000000000000000000000000000000000000000000000000000000000000000000000000000000000000000000000000000000000000000000000000000000000000000000000000000000000000000000000000000000000000000000000000000000000000000000000000000000000000000000000000000000000000000000000000000000000000000000000000000000000000000000000000000000000000000000000000000000000000000000000000000000000000000000000000000000000000000000000000000000
00000000000000000000000000000000000000000000000000000000000000000000000000000000000000000000000000000000000000000000000000000000000000000000000000000000000000000000000000000000000000000000000000000000000000000000000000000000000000000000000000000000000000000000000000000000000000000000000000000000000000000000000000000000000000000000000000000000000000000000000000000000000000000000000000000000000000000000000000000000000000000000000000000000000000000000000000000000000000000000000
00000000000000000000000000000000000000000000000000000000000000000000000000000000000000000000000000000000000000000000000000000000000000000000000000000000000000000000000000000000000000000000000000000000000000000000000000000000000000000000000000000000000000000000000000000000000000000000000000000000000000000000000000000000000000000000000000000000000000000000000000000000000000000000000000000000000000000000000000000000000000000000000000000000000000000000000000000000000000000000000
00000000000000000000000000000000000000000000000000000000000000000000000000000000000000000000000000000000000000000000000000000000000000000000000000000000000000000000000000000000000000000000000000000000000000000000000000000000000000000000000000000000000000000000000000000000000000000000000000000000000000000000000000000000000000000000000000000000000000000000000000000000000000000000000000000000000000000000000000000000000000000000000000000000000000000000000000000000000000000000000
00000000000000000000000000000000000000000000000000000000000000000000000000000000000000000000000000000000000000000000000000000000000000000000000000000000000000000000000000000000000000000000000000000000000000000000000000000000000000000000000000000000000000000000000000000000000000000000000000000000000000000000000000000000000000000000000000000000000000000000000000000000000000000000000000000000000000000000000000000000000000000000000000000000000000000000000000000000000000000000000
00000000000000000000000000000000000000000000000000000000000000000000000000000000000000000000000000000000000000000000000000000000000000000000000000000000000000000000000000000000000000000000000000000000000000000000000000000000000000000000000000000000000000000000000000000000000000000000000000000000000000000000000000000000000000000000000000000000000000000000000000000000000000000000000000000000000000000000000000000000000000000000000000000000000000000000000000000000000000000000000
00000000000000000000000000000000000000000000000000000000000000000000000000000000000000000000000000000000000000000000000000000000000000000000000000000000000000000000000000000000000000000000000000000000000000000000000000000000000000000000000000000000000000000000000000000000000000000000000000000000000000000000000000000000000000000000000000000000000000000000000000000000000000000000000000000000000000000000000000000000000000000000000000000000000000000000000000000000000000000000000
00000000000000000000000000000000000000000000000000000000000000000000000000000000000000000000000000000000000000000000000000000000000000000000000000000000000000000000000000000000000000000000000000000000000000000000000000000000000000000000000000000000000000000000000000000000000000000000000000000000000000000000000000000000000000000000000000000000000000000000000000000000000000000000000000000000000000000000000000000000000000000000000000000000000000000000000000000000000000000000000
00000000000000000000000000000000000000000000000000000000000000000000000000000000000000000000000000000000000000000000000000000000000000000000000000000000000000000000000000000000000000000000000000000000000000000000000000000000000000000000000000000000000000000000000000000000000000000000000000000000000000000000000000000000000000000000000000000000000000000000000000000000000000000000000000000000000000000000000000000000000000000000000000000000000000000000000000000000000000000000000
00000000000000000000000000000000000000000000000000000000000000000000000000000000000000000000000000000000000000000000000000000000000000000000000000000000000000000000000000000000000000000000000000000000000000000000000000000000000000000000000000000000000000000000000000000000000000000000000000000000000000000000000000000000000000000000000000000000000000000000000000000000000000000000000000000000000000000000000000000000000000000000000000000000000000000000000000000000000000000000000
00000000000000000000000000000000000000000000000000000000000000000000000000000000000000000000000000000000000000000000000000000000000000000000000000000000000000000000000000000000000000000000000000000000000000000000000000000000000000000000000000000000000000000000000000000000000000000000000000000000000000000000000000000000000000000000000000000000000000000000000000000000000000000000000000000000000000000000000000000000000000000000000000000000000000000000000000000000000000000000000
00000000000000000000000000000000000000000000000000000000000000000000000000000000000000000000000000000000000000000000000000000000000000000000000000000000000000000000000000000000000000000000000000000000000000000000000000000000000000000000000000000000000000000000000000000000000000000000000000000000000000000000000000000000000000000000000000000000000000000000000000000000000000000000000000000000000000000000000000000000000000000000000000000000000000000000000000000000000000000000000
00000000000000000000000000000000000000000000000000000000000000000000000000000000000000000000000000000000000000000000000000000000000000000000000000000000000000000000000000000000000000000000000000000000000000000000000000000000000000000000000000000000000000000000000000000000000000000000000000000000000000000000000000000000000000000000000000000000000000000000000000000000000000000000000000000000000000000000000000000000000000000000000000000000000000000000000000000000000000000000000
00000000000000000000000000000000000000000000000000000000000000000000000000000000000000000000000000000000000000000000000000000000000000000000000000000000000000000000000000000000000000000000000000000000000000000000000000000000000000000000000000000000000000000000000000000000000000000000000000000000000000000000000000000000000000000000000000000000000000000000000000000000000000000000000000000000000000000000000000000000000000000000000000000000000000000000000000000000000000000000000
00000000000000000000000000000000000000000000000000000000000000000000000000000000000000000000000000000000000000000000000000000000000000000000000000000000000000000000000000000000000000000000000000000000000000000000000000000000000000000000000000000000000000000000000000000000000000000000000000000000000000000000000000000000000000000000000000000000000000000000000000000000000000000000000000000000000000000000000000000000000000000000000000000000000000000000000000000000000000000000000
00000000000000000000000000000000000000000000000000000000000000000000000000000000000000000000000000000000000000000000000000000000000000000000000000000000000000000000000000000000000000000000000000000000000000000000000000000000000000000000000000000000000000000000000000000000000000000000000000000000000000000000000000000000000000000000000000000000000000000000000000000000000000000000000000000000000000000000000000000000000000000000000000000000000000000000000000000000000000000000000
00000000000000000000000000000000000000000000000000000000000000000000000000000000000000000000000000000000000000000000000000000000000000000000000000000000000000000000000000000000000000000000000000000000000000000000000000000000000000000000000000000000000000000000000000000000000000000000000000000000000000000000000000000000000000000000000000000000000000000000000000000000000000000000000000000000000000000000000000000000000000000000000000000000000000000000000000000000000000000000000
00000000000000000000000000000000000000000000000000000000000000000000000000000000000000000000000000000000000000000000000000000000000000000000000000000000000000000000000000000000000000000000000000000000000000000000000000000000000000000000000000000000000000000000000000000000000000000000000000000000000000000000000000000000000000000000000000000000000000000000000000000000000000000000000000000000000000000000000000000000000000000000000000000000000000000000000000000000000000000000000
00000000000000000000000000000000000000000000000000000000000000000000000000000000000000000000000000000000000000000000000000000000000000000000000000000000000000000000000000000000000000000000000000000000000000000000000000000000000000000000000000000000000000000000000000000000000000000000000000000000000000000000000000000000000000000000000000000000000000000000000000000000000000000000000000000000000000000000000000000000000000000000000000000000000000000000000000000000000000000000000
00000000000000000000000000000000000000000000000000000000000000000000000000000000000000000000000000000000000000000000000000000000000000000000000000000000000000000000000000000000000000000000000000000000000000000000000000000000000000000000000000000000000000000000000000000000000000000000000000000000000000000000000000000000000000000000000000000000000000000000000000000000000000000000000000000000000000000000000000000000000000000000000000000000000000000000000000000000000000000000000
00000000000000000000000000000000000000000000000000000000000000000000000000000000000000000000000000000000000000000000000000000000000000000000000000000000000000000000000000000000000000000000000000000000000000000000000000000000000000000000000000000000000000000000000000000000000000000000000000000000000000000000000000000000000000000000000000000000000000000000000000000000000000000000000000000000000000000000000000000000000000000000000000000000000000000000000000000000000000000000000
00000000000000000000000000000000000000000000000000000000000000000000000000000000000000000000000000000000000000000000000000000000000000000000000000000000000000000000000000000000000000000000000000000000000000000000000000000000000000000000000000000000000000000000000000000000000000000000000000000000000000000000000000000000000000000000000000000000000000000000000000000000000000000000000000000000000000000000000000000000000000000000000000000000000000000000000000000000000000000000000
00000000000000000000000000000000000000000000000000000000000000000000000000000000000000000000000000000000000000000000000000000000000000000000000000000000000000000000000000000000000000000000000000000000000000000000000000000000000000000000000000000000000000000000000000000000000000000000000000000000000000000000000000000000000000000000000000000000000000000000000000000000000000000000000000000000000000000000000000000000000000000000000000000000000000000000000000000000000000000000000
00000000000000000000000000000000000000000000000000000000000000000000000000000000000000000000000000000000000000000000000000000000000000000000000000000000000000000000000000000000000000000000000000000000000000000000000000000000000000000000000000000000000000000000000000000000000000000000000000000000000000000000000000000000000000000000000000000000000000000000000000000000000000000000000000000000000000000000000000000000000000000000000000000000000000000000000000000000000000000000000
00000000000000000000000000000000000000000000000000000000000000000000000000000000000000000000000000000000000000000000000000000000000000000000000000000000000000000000000000000000000000000000000000000000000000000000000000000000000000000000000000000000000000000000000000000000000000000000000000000000000000000000000000000000000000000000000000000000000000000000000000000000000000000000000000000000000000000000000000000000000000000000000000000000000000000000000000000000000000000000000
00000000000000000000000000000000000000000000000000000000000000000000000000000000000000000000000000000000000000000000000000000000000000000000000000000000000000000000000000000000000000000000000000000000000000000000000000000000000000000000000000000000000000000000000000000000000000000000000000000000000000000000000000000000000000000000000000000000000000000000000000000000000000000000000000000000000000000000000000000000000000000000000000000000000000000000000000000000000000000000000
00000000000000000000000000000000000000000000000000000000000000000000000000000000000000000000000000000000000000000000000000000000000000000000000000000000000000000000000000000000000000000000000000000000000000000000000000000000000000000000000000000000000000000000000000000000000000000000000000000000000000000000000000000000000000000000000000000000000000000000000000000000000000000000000000000000000000000000000000000000000000000000000000000000000000000000000000000000000000000000000
00000000000000000000000000000000000000000000000000000000000000000000000000000000000000000000000000000000000000000000000000000000000000000000000000000000000000000000000000000000000000000000000000000000000000000000000000000000000000000000000000000000000000000000000000000000000000000000000000000000000000000000000000000000000000000000000000000000000000000000000000000000000000000000000000000000000000000000000000000000000000000000000000000000000000000000000000000000000000000000000
00000000000000000000000000000000000000000000000000000000000000000000000000000000000000000000000000000000000000000000000000000000000000000000000000000000000000000000000000000000000000000000000000000000000000000000000000000000000000000000000000000000000000000000000000000000000000000000000000000000000000000000000000000000000000000000000000000000000000000000000000000000000000000000000000000000000000000000000000000000000000000000000000000000000000000000000000000000000000000000000
00000000000000000000000000000000000000000000000000000000000000000000000000000000000000000000000000000000000000000000000000000000000000000000000000000000000000000000000000000000000000000000000000000000000000000000000000000000000000000000000000000000000000000000000000000000000000000000000000000000000000000000000000000000000000000000000000000000000000000000000000000000000000000000000000000000000000000000000000000000000000000000000000000000000000000000000000000000000000000000000
00000000000000000000000000000000000000000000000000000000000000000000000000000000000000000000000000000000000000000000000000000000000000000000000000000000000000000000000000000000000000000000000000000000000000000000000000000000000000000000000000000000000000000000000000000000000000000000000000000000000000000000000000000000000000000000000000000000000000000000000000000000000000000000000000000000000000000000000000000000000000000000000000000000000000000000000000000000000000000000000
00000000000000000000000000000000000000000000000000000000000000000000000000000000000000000000000000000000000000000000000000000000000000000000000000000000000000000000000000000000000000000000000000000000000000000000000000000000000000000000000000000000000000000000000000000000000000000000000000000000000000000000000000000000000000000000000000000000000000000000000000000000000000000000000000000000000000000000000000000000000000000000000000000000000000000000000000000000000000000000000
00000000000000000000000000000000000000000000000000000000000000000000000000000000000000000000000000000000000000000000000000000000000000000000000000000000000000000000000000000000000000000000000000000000000000000000000000000000000000000000000000000000000000000000000000000000000000000000000000000000000000000000000000000000000000000000000000000000000000000000000000000000000000000000000000000000000000000000000000000000000000000000000000000000000000000000000000000000000000000000000
00000000000000000000000000000000000000000000000000000000000000000000000000000000000000000000000000000000000000000000000000000000000000000000000000000000000000000000000000000000000000000000000000000000000000000000000000000000000000000000000000000000000000000000000000000000000000000000000000000000000000000000000000000000000000000000000000000000000000000000000000000000000000000000000000000000000000000000000000000000000000000000000000000000000000000000000000000000000000000000000
00000000000000000000000000000000000000000000000000000000000000000000000000000000000000000000000000000000000000000000000000000000000000000000000000000000000000000000000000000000000000000000000000000000000000000000000000000000000000000000000000000000000000000000000000000000000000000000000000000000000000000000000000000000000000000000000000000000000000000000000000000000000000000000000000000000000000000000000000000000000000000000000000000000000000000000000000000000000000000000000
00000000000000000000000000000000000000000000000000000000000000000000000000000000000000000000000000000000000000000000000000000000000000000000000000000000000000000000000000000000000000000000000000000000000000000000000000000000000000000000000000000000000000000000000000000000000000000000000000000000000000000000000000000000000000000000000000000000000000000000000000000000000000000000000000000000000000000000000000000000000000000000000000000000000000000000000000000000000000000000000
00000000000000000000000000000000000000000000000000000000000000000000000000000000000000000000000000000000000000000000000000000000000000000000000000000000000000000000000000000000000000000000000000000000000000000000000000000000000000000000000000000000000000000000000000000000000000000000000000000000000000000000000000000000000000000000000000000000000000000000000000000000000000000000000000000000000000000000000000000000000000000000000000000000000000000000000000000000000000000000000
00000000000000000000000000000000000000000000000000000000000000000000000000000000000000000000000000000000000000000000000000000000000000000000000000000000000000000000000000000000000000000000000000000000000000000000000000000000000000000000000000000000000000000000000000000000000000000000000000000000000000000000000000000000000000000000000000000000000000000000000000000000000000000000000000000000000000000000000000000000000000000000000000000000000000000000000000000000000000000000000
00000000000000000000000000000000000000000000000000000000000000000000000000000000000000000000000000000000000000000000000000000000000000000000000000000000000000000000000000000000000000000000000000000000000000000000000000000000000000000000000000000000000000000000000000000000000000000000000000000000000000000000000000000000000000000000000000000000000000000000000000000000000000000000000000000000000000000000000000000000000000000000000000000000000000000000000000000000000000000000000
00000000000000000000000000000000000000000000000000000000000000000000000000000000000000000000000000000000000000000000000000000000000000000000000000000000000000000000000000000000000000000000000000000000000000000000000000000000000000000000000000000000000000000000000000000000000000000000000000000000000000000000000000000000000000000000000000000000000000000000000000000000000000000000000000000000000000000000000000000000000000000000000000000000000000000000000000000000000000000000000
00000000000000000000000000000000000000000000000000000000000000000000000000000000000000000000000000000000000000000000000000000000000000000000000000000000000000000000000000000000000000000000000000000000000000000000000000000000000000000000000000000000000000000000000000000000000000000000000000000000000000000000000000000000000000000000000000000000000000000000000000000000000000000000000000000000000000000000000000000000000000000000000000000000000000000000000000000000000000000000000
00000000000000000000000000000000000000000000000000000000000000000000000000000000000000000000000000000000000000000000000000000000000000000000000000000000000000000000000000000000000000000000000000000000000000000000000000000000000000000000000000000000000000000000000000000000000000000000000000000000000000000000000000000000000000000000000000000000000000000000000000000000000000000000000000000000000000000000000000000000000000000000000000000000000000000000000000000000000000000000000
00000000000000000000000000000000000000000000000000000000000000000000000000000000000000000000000000000000000000000000000000000000000000000000000000000000000000000000000000000000000000000000000000000000000000000000000000000000000000000000000000000000000000000000000000000000000000000000000000000000000000000000000000000000000000000000000000000000000000000000000000000000000000000000000000000000000000000000000000000000000000000000000000000000000000000000000000000000000000000000000
00000000000000000000000000000000000000000000000000000000000000000000000000000000000000000000000000000000000000000000000000000000000000000000000000000000000000000000000000000000000000000000000000000000000000000000000000000000000000000000000000000000000000000000000000000000000000000000000000000000000000000000000000000000000000000000000000000000000000000000000000000000000000000000000000000000000000000000000000000000000000000000000000000000000000000000000000000000000000000000000
00000000000000000000000000000000000000000000000000000000000000000000000000000000000000000000000000000000000000000000000000000000000000000000000000000000000000000000000000000000000000000000000000000000000000000000000000000000000000000000000000000000000000000000000000000000000000000000000000000000000000000000000000000000000000000000000000000000000000000000000000000000000000000000000000000000000000000000000000000000000000000000000000000000000000000000000000000000000000000000000
00000000000000000000000000000000000000000000000000000000000000000000000000000000000000000000000000000000000000000000000000000000000000000000000000000000000000000000000000000000000000000000000000000000000000000000000000000000000000000000000000000000000000000000000000000000000000000000000000000000000000000000000000000000000000000000000000000000000000000000000000000000000000000000000000000000000000000000000000000000000000000000000000000000000000000000000000000000000000000000000
00000000000000000000000000000000000000000000000000000000000000000000000000000000000000000000000000000000000000000000000000000000000000000000000000000000000000000000000000000000000000000000000000000000000000000000000000000000000000000000000000000000000000000000000000000000000000000000000000000000000000000000000000000000000000000000000000000000000000000000000000000000000000000000000000000000000000000000000000000000000000000000000000000000000000000000000000000000000000000000000
00000000000000000000000000000000000000000000000000000000000000000000000000000000000000000000000000000000000000000000000000000000000000000000000000000000000000000000000000000000000000000000000000000000000000000000000000000000000000000000000000000000000000000000000000000000000000000000000000000000000000000000000000000000000000000000000000000000000000000000000000000000000000000000000000000000000000000000000000000000000000000000000000000000000000000000000000000000000000000000000
00000000000000000000000000000000000000000000000000000000000000000000000000000000000000000000000000000000000000000000000000000000000000000000000000000000000000000000000000000000000000000000000000000000000000000000000000000000000000000000000000000000000000000000000000000000000000000000000000000000000000000000000000000000000000000000000000000000000000000000000000000000000000000000000000000000000000000000000000000000000000000000000000000000000000000000000000000000000000000000000
00000000000000000000000000000000000000000000000000000000000000000000000000000000000000000000000000000000000000000000000000000000000000000000000000000000000000000000000000000000000000000000000000000000000000000000000000000000000000000000000000000000000000000000000000000000000000000000000000000000000000000000000000000000000000000000000000000000000000000000000000000000000000000000000000000000000000000000000000000000000000000000000000000000000000000000000000000000000000000000000
00000000000000000000000000000000000000000000000000000000000000000000000000000000000000000000000000000000000000000000000000000000000000000000000000000000000000000000000000000000000000000000000000000000000000000000000000000000000000000000000000000000000000000000000000000000000000000000000000000000000000000000000000000000000000000000000000000000000000000000000000000000000000000000000000000000000000000000000000000000000000000000000000000000000000000000000000000000000000000000000
00000000000000000000000000000000000000000000000000000000000000000000000000000000000000000000000000000000000000000000000000000000000000000000000000000000000000000000000000000000000000000000000000000000000000000000000000000000000000000000000000000000000000000000000000000000000000000000000000000000000000000000000000000000000000000000000000000000000000000000000000000000000000000000000000000000000000000000000000000000000000000000000000000000000000000000000000000000000000000000000
00000000000000000000000000000000000000000000000000000000000000000000000000000000000000000000000000000000000000000000000000000000000000000000000000000000000000000000000000000000000000000000000000000000000000000000000000000000000000000000000000000000000000000000000000000000000000000000000000000000000000000000000000000000000000000000000000000000000000000000000000000000000000000000000000000000000000000000000000000000000000000000000000000000000000000000000000000000000000000000000
00000000000000000000000000000000000000000000000000000000000000000000000000000000000000000000000000000000000000000000000000000000000000000000000000000000000000000000000000000000000000000000000000000000000000000000000000000000000000000000000000000000000000000000000000000000000000000000000000000000000000000000000000000000000000000000000000000000000000000000000000000000000000000000000000000000000000000000000000000000000000000000000000000000000000000000000000000000000000000000000
00000000000000000000000000000000000000000000000000000000000000000000000000000000000000000000000000000000000000000000000000000000000000000000000000000000000000000000000000000000000000000000000000000000000000000000000000000000000000000000000000000000000000000000000000000000000000000000000000000000000000000000000000000000000000000000000000000000000000000000000000000000000000000000000000000000000000000000000000000000000000000000000000000000000000000000000000000000000000000000000
00000000000000000000000000000000000000000000000000000000000000000000000000000000000000000000000000000000000000000000000000000000000000000000000000000000000000000000000000000000000000000000000000000000000000000000000000000000000000000000000000000000000000000000000000000000000000000000000000000000000000000000000000000000000000000000000000000000000000000000000000000000000000000000000000000000000000000000000000000000000000000000000000000000000000000000000000000000000000000000000
00000000000000000000000000000000000000000000000000000000000000000000000000000000000000000000000000000000000000000000000000000000000000000000000000000000000000000000000000000000000000000000000000000000000000000000000000000000000000000000000000000000000000000000000000000000000000000000000000000000000000000000000000000000000000000000000000000000000000000000000000000000000000000000000000000000000000000000000000000000000000000000000000000000000000000000000000000000000000000000000
00000000000000000000000000000000000000000000000000000000000000000000000000000000000000000000000000000000000000000000000000000000000000000000000000000000000000000000000000000000000000000000000000000000000000000000000000000000000000000000000000000000000000000000000000000000000000000000000000000000000000000000000000000000000000000000000000000000000000000000000000000000000000000000000000000000000000000000000000000000000000000000000000000000000000000000000000000000000000000000000
00000000000000000000000000000000000000000000000000000000000000000000000000000000000000000000000000000000000000000000000000000000000000000000000000000000000000000000000000000000000000000000000000000000000000000000000000000000000000000000000000000000000000000000000000000000000000000000000000000000000000000000000000000000000000000000000000000000000000000000000000000000000000000000000000000000000000000000000000000000000000000000000000000000000000000000000000000000000000000000000
00000000000000000000000000000000000000000000000000000000000000000000000000000000000000000000000000000000000000000000000000000000000000000000000000000000000000000000000000000000000000000000000000000000000000000000000000000000000000000000000000000000000000000000000000000000000000000000000000000000000000000000000000000000000000000000000000000000000000000000000000000000000000000000000000000000000000000000000000000000000000000000000000000000000000000000000000000000000000000000000
00000000000000000000000000000000000000000000000000000000000000000000000000000000000000000000000000000000000000000000000000000000000000000000000000000000000000000000000000000000000000000000000000000000000000000000000000000000000000000000000000000000000000000000000000000000000000000000000000000000000000000000000000000000000000000000000000000000000000000000000000000000000000000000000000000000000000000000000000000000000000000000000000000000000000000000000000000000000000000000000
00000000000000000000000000000000000000000000000000000000000000000000000000000000000000000000000000000000000000000000000000000000000000000000000000000000000000000000000000000000000000000000000000000000000000000000000000000000000000000000000000000000000000000000000000000000000000000000000000000000000000000000000000000000000000000000000000000000000000000000000000000000000000000000000000000000000000000000000000000000000000000000000000000000000000000000000000000000000000000000000
00000000000000000000000000000000000000000000000000000000000000000000000000000000000000000000000000000000000000000000000000000000000000000000000000000000000000000000000000000000000000000000000000000000000000000000000000000000000000000000000000000000000000000000000000000000000000000000000000000000000000000000000000000000000000000000000000000000000000000000000000000000000000000000000000000000000000000000000000000000000000000000000000000000000000000000000000000000000000000000000
00000000000000000000000000000000000000000000000000000000000000000000000000000000000000000000000000000000000000000000000000000000000000000000000000000000000000000000000000000000000000000000000000000000000000000000000000000000000000000000000000000000000000000000000000000000000000000000000000000000000000000000000000000000000000000000000000000000000000000000000000000000000000000000000000000000000000000000000000000000000000000000000000000000000000000000000000000000000000000000000
00000000000000000000000000000000000000000000000000000000000000000000000000000000000000000000000000000000000000000000000000000000000000000000000000000000000000000000000000000000000000000000000000000000000000000000000000000000000000000000000000000000000000000000000000000000000000000000000000000000000000000000000000000000000000000000000000000000000000000000000000000000000000000000000000000000000000000000000000000000000000000000000000000000000000000000000000000000000000000000000
00000000000000000000000000000000000000000000000000000000000000000000000000000000000000000000000000000000000000000000000000000000000000000000000000000000000000000000000000000000000000000000000000000000000000000000000000000000000000000000000000000000000000000000000000000000000000000000000000000000000000000000000000000000000000000000000000000000000000000000000000000000000000000000000000000000000000000000000000000000000000000000000000000000000000000000000000000000000000000000000
00000000000000000000000000000000000000000000000000000000000000000000000000000000000000000000000000000000000000000000000000000000000000000000000000000000000000000000000000000000000000000000000000000000000000000000000000000000000000000000000000000000000000000000000000000000000000000000000000000000000000000000000000000000000000000000000000000000000000000000000000000000000000000000000000000000000000000000000000000000000000000000000000000000000000000000000000000000000000000000000
00000000000000000000000000000000000000000000000000000000000000000000000000000000000000000000000000000000000000000000000000000000000000000000000000000000000000000000000000000000000000000000000000000000000000000000000000000000000000000000000000000000000000000000000000000000000000000000000000000000000000000000000000000000000000000000000000000000000000000000000000000000000000000000000000000000000000000000000000000000000000000000000000000000000000000000000000000000000000000000000
00000000000000000000000000000000000000000000000000000000000000000000000000000000000000000000000000000000000000000000000000000000000000000000000000000000000000000000000000000000000000000000000000000000000000000000000000000000000000000000000000000000000000000000000000000000000000000000000000000000000000000000000000000000000000000000000000000000000000000000000000000000000000000000000000000000000000000000000000000000000000000000000000000000000000000000000000000000000000000000000
00000000000000000000000000000000000000000000000000000000000000000000000000000000000000000000000000000000000000000000000000000000000000000000000000000000000000000000000000000000000000000000000000000000000000000000000000000000000000000000000000000000000000000000000000000000000000000000000000000000000000000000000000000000000000000000000000000000000000000000000000000000000000000000000000000000000000000000000000000000000000000000000000000000000000000000000000000000000000000000000
00000000000000000000000000000000000000000000000000000000000000000000000000000000000000000000000000000000000000000000000000000000000000000000000000000000000000000000000000000000000000000000000000000000000000000000000000000000000000000000000000000000000000000000000000000000000000000000000000000000000000000000000000000000000000000000000000000000000000000000000000000000000000000000000000000000000000000000000000000000000000000000000000000000000000000000000000000000000000000000000
00000000000000000000000000000000000000000000000000000000000000000000000000000000000000000000000000000000000000000000000000000000000000000000000000000000000000000000000000000000000000000000000000000000000000000000000000000000000000000000000000000000000000000000000000000000000000000000000000000000000000000000000000000000000000000000000000000000000000000000000000000000000000000000000000000000000000000000000000000000000000000000000000000000000000000000000000000000000000000000000
00000000000000000000000000000000000000000000000000000000000000000000000000000000000000000000000000000000000000000000000000000000000000000000000000000000000000000000000000000000000000000000000000000000000000000000000000000000000000000000000000000000000000000000000000000000000000000000000000000000000000000000000000000000000000000000000000000000000000000000000000000000000000000000000000000000000000000000000000000000000000000000000000000000000000000000000000000000000000000000000
00000000000000000000000000000000000000000000000000000000000000000000000000000000000000000000000000000000000000000000000000000000000000000000000000000000000000000000000000000000000000000000000000000000000000000000000000000000000000000000000000000000000000000000000000000000000000000000000000000000000000000000000000000000000000000000000000000000000000000000000000000000000000000000000000000000000000000000000000000000000000000000000000000000000000000000000000000000000000000000000
00000000000000000000000000000000000000000000000000000000000000000000000000000000000000000000000000000000000000000000000000000000000000000000000000000000000000000000000000000000000000000000000000000000000000000000000000000000000000000000000000000000000000000000000000000000000000000000000000000000000000000000000000000000000000000000000000000000000000000000000000000000000000000000000000000000000000000000000000000000000000000000000000000000000000000000000000000000000000000000000
00000000000000000000000000000000000000000000000000000000000000000000000000000000000000000000000000000000000000000000000000000000000000000000000000000000000000000000000000000000000000000000000000000000000000000000000000000000000000000000000000000000000000000000000000000000000000000000000000000000000000000000000000000000000000000000000000000000000000000000000000000000000000000000000000000000000000000000000000000000000000000000000000000000000000000000000000000000000000000000000
00000000000000000000000000000000000000000000000000000000000000000000000000000000000000000000000000000000000000000000000000000000000000000000000000000000000000000000000000000000000000000000000000000000000000000000000000000000000000000000000000000000000000000000000000000000000000000000000000000000000000000000000000000000000000000000000000000000000000000000000000000000000000000000000000000000000000000000000000000000000000000000000000000000000000000000000000000000000000000000000
00000000000000000000000000000000000000000000000000000000000000000000000000000000000000000000000000000000000000000000000000000000000000000000000000000000000000000000000000000000000000000000000000000000000000000000000000000000000000000000000000000000000000000000000000000000000000000000000000000000000000000000000000000000000000000000000000000000000000000000000000000000000000000000000000000000000000000000000000000000000000000000000000000000000000000000000000000000000000000000000
00000000000000000000000000000000000000000000000000000000000000000000000000000000000000000000000000000000000000000000000000000000000000000000000000000000000000000000000000000000000000000000000000000000000000000000000000000000000000000000000000000000000000000000000000000000000000000000000000000000000000000000000000000000000000000000000000000000000000000000000000000000000000000000000000000000000000000000000000000000000000000000000000000000000000000000000000000000000000000000000
00000000000000000000000000000000000000000000000000000000000000000000000000000000000000000000000000000000000000000000000000000000000000000000000000000000000000000000000000000000000000000000000000000000000000000000000000000000000000000000000000000000000000000000000000000000000000000000000000000000000000000000000000000000000000000000000000000000000000000000000000000000000000000000000000000000000000000000000000000000000000000000000000000000000000000000000000000000000000000000000
00000000000000000000000000000000000000000000000000000000000000000000000000000000000000000000000000000000000000000000000000000000000000000000000000000000000000000000000000000000000000000000000000000000000000000000000000000000000000000000000000000000000000000000000000000000000000000000000000000000000000000000000000000000000000000000000000000000000000000000000000000000000000000000000000000000000000000000000000000000000000000000000000000000000000000000000000000000000000000000000
00000000000000000000000000000000000000000000000000000000000000000000000000000000000000000000000000000000000000000000000000000000000000000000000000000000000000000000000000000000000000000000000000000000000000000000000000000000000000000000000000000000000000000000000000000000000000000000000000000000000000000000000000000000000000000000000000000000000000000000000000000000000000000000000000000000000000000000000000000000000000000000000000000000000000000000000000000000000000000000000
00000000000000000000000000000000000000000000000000000000000000000000000000000000000000000000000000000000000000000000000000000000000000000000000000000000000000000000000000000000000000000000000000000000000000000000000000000000000000000000000000000000000000000000000000000000000000000000000000000000000000000000000000000000000000000000000000000000000000000000000000000000000000000000000000000000000000000000000000000000000000000000000000000000000000000000000000000000000000000000000
00000000000000000000000000000000000000000000000000000000000000000000000000000000000000000000000000000000000000000000000000000000000000000000000000000000000000000000000000000000000000000000000000000000000000000000000000000000000000000000000000000000000000000000000000000000000000000000000000000000000000000000000000000000000000000000000000000000000000000000000000000000000000000000000000000000000000000000000000000000000000000000000000000000000000000000000000000000000000000000000
00000000000000000000000000000000000000000000000000000000000000000000000000000000000000000000000000000000000000000000000000000000000000000000000000000000000000000000000000000000000000000000000000000000000000000000000000000000000000000000000000000000000000000000000000000000000000000000000000000000000000000000000000000000000000000000000000000000000000000000000000000000000000000000000000000000000000000000000000000000000000000000000000000000000000000000000000000000000000000000000
00000000000000000000000000000000000000000000000000000000000000000000000000000000000000000000000000000000000000000000000000000000000000000000000000000000000000000000000000000000000000000000000000000000000000000000000000000000000000000000000000000000000000000000000000000000000000000000000000000000000000000000000000000000000000000000000000000000000000000000000000000000000000000000000000000000000000000000000000000000000000000000000000000000000000000000000000000000000000000000000
00000000000000000000000000000000000000000000000000000000000000000000000000000000000000000000000000000000000000000000000000000000000000000000000000000000000000000000000000000000000000000000000000000000000000000000000000000000000000000000000000000000000000000000000000000000000000000000000000000000000000000000000000000000000000000000000000000000000000000000000000000000000000000000000000000000000000000000000000000000000000000000000000000000000000000000000000000000000000000000000
00000000000000000000000000000000000000000000000000000000000000000000000000000000000000000000000000000000000000000000000000000000000000000000000000000000000000000000000000000000000000000000000000000000000000000000000000000000000000000000000000000000000000000000000000000000000000000000000000000000000000000000000000000000000000000000000000000000000000000000000000000000000000000000000000000000000000000000000000000000000000000000000000000000000000000000000000000000000000000000000
00000000000000000000000000000000000000000000000000000000000000000000000000000000000000000000000000000000000000000000000000000000000000000000000000000000000000000000000000000000000000000000000000000000000000000000000000000000000000000000000000000000000000000000000000000000000000000000000000000000000000000000000000000000000000000000000000000000000000000000000000000000000000000000000000000000000000000000000000000000000000000000000000000000000000000000000000000000000000000000000
00000000000000000000000000000000000000000000000000000000000000000000000000000000000000000000000000000000000000000000000000000000000000000000000000000000000000000000000000000000000000000000000000000000000000000000000000000000000000000000000000000000000000000000000000000000000000000000000000000000000000000000000000000000000000000000000000000000000000000000000000000000000000000000000000000000000000000000000000000000000000000000000000000000000000000000000000000000000000000000000
00000000000000000000000000000000000000000000000000000000000000000000000000000000000000000000000000000000000000000000000000000000000000000000000000000000000000000000000000000000000000000000000000000000000000000000000000000000000000000000000000000000000000000000000000000000000000000000000000000000000000000000000000000000000000000000000000000000000000000000000000000000000000000000000000000000000000000000000000000000000000000000000000000000000000000000000000000000000000000000000
00000000000000000000000000000000000000000000000000000000000000000000000000000000000000000000000000000000000000000000000000000000000000000000000000000000000000000000000000000000000000000000000000000000000000000000000000000000000000000000000000000000000000000000000000000000000000000000000000000000000000000000000000000000000000000000000000000000000000000000000000000000000000000000000000000000000000000000000000000000000000000000000000000000000000000000000000000000000000000000000
00000000000000000000000000000000000000000000000000000000000000000000000000000000000000000000000000000000000000000000000000000000000000000000000000000000000000000000000000000000000000000000000000000000000000000000000000000000000000000000000000000000000000000000000000000000000000000000000000000000000000000000000000000000000000000000000000000000000000000000000000000000000000000000000000000000000000000000000000000000000000000000000000000000000000000000000000000000000000000000000
00000000000000000000000000000000000000000000000000000000000000000000000000000000000000000000000000000000000000000000000000000000000000000000000000000000000000000000000000000000000000000000000000000000000000000000000000000000000000000000000000000000000000000000000000000000000000000000000000000000000000000000000000000000000000000000000000000000000000000000000000000000000000000000000000000000000000000000000000000000000000000000000000000000000000000000000000000000000000000000000
00000000000000000000000000000000000000000000000000000000000000000000000000000000000000000000000000000000000000000000000000000000000000000000000000000000000000000000000000000000000000000000000000000000000000000000000000000000000000000000000000000000000000000000000000000000000000000000000000000000000000000000000000000000000000000000000000000000000000000000000000000000000000000000000000000000000000000000000000000000000000000000000000000000000000000000000000000000000000000000000
0000000000000000000000000000000000000000000000000000000000000000000000000000000000000000000000000000000000000000000000000000000000000000000000000000000000000000000000000000000000000000000000000000000000000000000000000000000000000000000000000000000R000000000000000000000000000000000000000000000000000000000000000000000000000000000000000000000000000000000000000000000000000000000000000000000000000000000000000000000000000000000000000000000000000000000000000000000000000000000000000
00000000000000000000000000000000000000000000000000000000000000000000000000000000000000000000000000000000000000000000000000000000000000000000000000000000000000000000000000000000000000000000000000000000000000000000000000000000000000000000000000000000QQ0000RRR000000000000000000000000000000000000000000000000000000000000000000000000000000000000000000000000000000000000000000000000000000000000000000000000000000000000000000000000000000000000000000000000000000000000000000000000000000
000000000000000000000000000000000000000000000000000000000000000000000000000000000000000000000000000000000000000000000000000000000000000000000000000000000000000000000000000000000000000000000000000000000000000000000000000000000000000000000000000Q00RRWN0RRRMRRR00000000000000000000000000000000000000000000000000000000000000000000000000000000000000000000000000000000000000000000000000000000000000000000000000000000000000000000000000000000000000000000000R00R00000R00R00000000000000000
00000000000000000000000000000000000000000000000000000000000000000000000000000000000000000000000000000000000000000000000000000000000000000000000000000000000000000000000000000000000000000000000000000000000000000000000000000000000000000000000R0Q08bBQ85ZQWbbD0000000000000000000000000000000000000000000000000000000000000000000000000000000000000000000000000000000000000000000000000000000000000000000000000000000000000000000000000000000000000000000000000R00000QQQQQR0R00000000000000000
0000000000000000000000000000000000000000000000000000000000000000000000000000000000000000000000000000000000000000000000000000000000000000000000000000000000000000000000000000000000000000000000000000000000000000000000000000000000000000000000RR0QQbw2PC|16znAQQ0R000R0000000000000000000000000000000000000000000000000000000000000000000000000000000000000000000000000000000000000000000000000000000000000000000000000000000000000000000000000000000000000000000QR00MZIjbR00R00000000000000000
0000000000000000000000000000000000000000000000000000000000000000000000000000000000000000000000000R000000000000000000000000000000000000000000000000000000000000000000000000000000000000000000000000000000000000000000000000000000000000000000000RRHbhJs=.  -<1yPHR00R000R00000000000000000000000000000000000000000000000000000000000000000000000000000000000000000000000000000000000000000000000000000000000000MQQQR000000000000000000000000000000000000000000000R0QQQm\ -3M00R00000000000000000
0000000000000000000000000000000000000000000000000000000000000000000000000000000000000000000000000RQR000000000000000000000000000000000000000000000000000000000000000000000000000000000000000000000000000000000000000000000000000000000000000000RRM8gJex,...^?2E&W0000000000000000000000000000000000000000000000000000000000000000000000000000000000000000000000000000000000000000000000000000000000000000R0RR0Dk3J4KNQQ0000000R000000000000000000000000000000000000QRm; +tgANR00R000R00000000000
000000000000000000000000000000000000000000000000000000000000000000000000000000000000000000000000Q0QQ00R0000000000000000000000000000000000000000000000000000000000000000000000000000000000000000000000000000000000000000000000000000000000000000RRRQBgI; .._{gBQQQQQ0000000000000000000000000000000000000000000000000000000000000000000000000000000000000000000000000000000000000000000000000000000000000000M0RNP?_ia4@BR00000R0000000000000000000000000000000000RRN2' x2m5SYDR0000000R000000000
0000000000000000000000000000000000000000000000000000000000000000000000000000000000000000000000QQWQHkWRR00000000000000000000000000000000000000000000000000000000000000000000000000000000000000000000000000000000000000000000000000000000000000000QMdr`  .    '{mHQQQQQ0RR000000000000000000000000000000000000000000000000000000000000000000000000000000000000000000000000000000000000000000000000000000000R0RQQQQ@i ?*JEWR00000000000000000000000000000000000000RQ$T=.lFqSSSEAKDM00R00R000000000
000000000000000000000000000000000000000000000000000000000000000000000000000000000000000QQ0QQQRHkmwc/SMR0Q000000000000000000000000000000000000000000000000000000000000000000000000000000000000000000000000000000000000000000000000000000000Q00QQQYa;  .     .   x3kRQQ0RRR0000R0000000000000000000000000000000000000000000000000000000000000000000000000000000000000000000000000000000000000000000000000000RRNNQQ@s {tf6DR00R000000000000000000000000000R0000000QDa,.%qgVdEXPGXkNR0R00R000000000
00000000000000000000000000000000000000000000000000000000000000000000000000000000000000000RUXgu\\/- _#M00R00RR000000000000000000000000000000000000000000000000000000000000000000000000000000000000000000000000000000000000000000R00RRR0000QQ0QWEa=                /tEWQ0MRQQ000RR000000000000000000000000000000000000000000000000000000000000000000000000000000000000000000000000000000000000000000000000R0QRbfjJ%-=}toqW0000000000000000000000000000000000RR0RQHt`:*5h4EEPZYk&K0000000000000000
00000000000000000000000000000000000000000000000000000000000000000000000000000000000000000R$hnr=     ;[hDQRRMRRR000000000000000000000000000000000000000000000000000000000000000000000000000000000000000000000000000000000000000000RRR000QQQQ0gI'                    ;1GMMQQWUWQ0RR0000000000000000000000000000000000000000000000000000000000000000000000000000000000000000000000000000000000000000000000000QQD2=   iluhkR0000RR00000000000000000000000000R000QQX? =t2h4gPXGkUHWMRR00000000000000
0000000000000000000000000000000000000000000000000000000000000000000000000000000000000000RMWPni'       "[mDQM00R00000000000000000000000000000000000000000000000000000000000000000000000000000000000000000000000000000000000000000000MKHQKm3m7^                        +JbET)IOQRMRR0000000000000000000000000000000000000000000000000000000000000000000000000000000000000000000000000000000000000000000RRRQQDfv'      /[dMQQQ0RR0000000000000000000000000R0R0WQ2= ,15gdEEPbk$WMRRR000000000000000
0000000000000000000000000000000000000000000000000000000000000000000000000000000000R00R00MWZf},:;    .   `if8Q0RQ0000000000000000000000000000000000000000000000000000000000000000000000000000000000000000000000000000000000000000R0RU3?{).                              :_ ^u&MMMRR00000000000000000000000000000000000000000000000000000000000000000000000000000000000000000000000000000000000000R00QR00QMEr_          .rCbWQQR00R00R00R000000000000000000RQM5, v72SddEXGk$BMRR00000000000000000
000000000000000000000000000000000000000000000000000000000000000000000000000000000R0RRR0QQDGn*),`   `+'  . 'oQ0000000000000000000000000000000000000000000000000000000000000000000000000000000000000000000000000000000000000000000R0RDV[=                                  %gB0RRR0000000000000000000000000000000000000000000000000000000000000000000000000000000000000000000000000000000000000000R00R0QQh?:         .     _cSK0Q00000R0R00000000000000RRRMQRC:-l5Sghd4gGA$BMR00R0000000000000000
000000000000000000000000000000000000000000000000000000000000000000000000000000000RRRRQM8F!;         ``  ..<VQR00000000000000000000000000000000000000000000000000000000000000000000000000000000000000000000000000000000000000000000QQNOmI'                              ;jORQ000R000000000000000000000000000000000000000000000000000000000000000000000000000000000000000000000000000000000000R000000RQk7'            ..      \JGNQR0QQQ0000000000000000RR08L.`?fghd4gGkAHWR000000000000000000000
0000000000000000000000000000000000000000000000000000000000000000R0R000000000R000QQQM&f?|                ."qQ0000000000000000000000000000000000000000000000000000000000000000000000000000000000000000000000000000000000000000000R0000QQ083c-                            lOQR0RRRRR00000000000000000000000000000000000000000000000000000000000000000000000000000000000000000000000000000000000R000RRQM4<  .                     'lSWQNUUMQQ00000R000R000QQ$1 _symV4XZGAWR0RR000000000000000000000
00000000000000000000000000000000000000000000000000000000000000000R00R0RQQQQQ00QQWXyr;                   ;mQQ000R000000000000000000000000000000000000000000000000000000000000000000000000000000000000000000000000000000000000000RR0000R0QWT:                            ;3N00RMRRR0000000000000000000000000000000000000000000000000000000000000000000000000000000000000000000000000000000000QQQQQMH4{:                           ,*#c=;rfg0RRR000R000QQQE{_;*J6SdEXZ&BQ0000000000000000000000000
0000000000000000000000000000000000000000000000000000000000000000000R0Q0DXSgZRQDVl'                      .<mDQ0R000000000000000000000000000000000000000000000000000000000000000000000000000000000000000000000000000000000000000000000000QD#;                             }&Q0RRRRRR000000000000000000000000000000000000000000000000000000000000000000000000000000000000000000000000000000R00Mdjz#!v=                               . .  :]YBM000Q0Q00QMq/ ;?CmhdEgZAWQ00000000000000000000000000
00000000000000000000000000000000000000000000000000000000000000000R0R0DVI`  'r7x'                          '{U0Q000000000000000000000000000000000000000000000000000000000000000000000000000000000000000000000000000000000000000000000000QUa- .                           :FR0RRRR000000000000000000000000000000000000000000000000000000000000000000000000000000000000000000000000000000000000Fi.    .                               `. /l!3D0RM0000Q0Qf; /]wpgEXbUWR0000000000000000000000000000
00000000000000000000000000000000000000000000000000000000000000000R00ROJi+_..  .                            -cdRQQ0QQQ00000000000000000000000000000000000000000000000000000000000000000000000000000000000000000000000000000000000R0000000gx                               I80RRRR000000000000000000000000000000000000000000000000000000000000000000000000000000000000000000000000000000000R0R0&L)_..                               . -=*uSk000R00QQQMw_.<tymSVPkKR0000R0000000000000000000000000
000000000000000000000000000000000000000000000000000000000000000000R00MA2e)`.. .                              :!#q4V&W0000000000000000000000000000000000000000000000000000000000000000000000000000000000000000000000000000000000000RR00QRp/                             -|cmNRRR0000000000000000000000000000000000000000000000000000000000000000000000000000000000000000000000000000000000000Q0WZe<'                                 -idDBRQ0Q00Q00Do- l72gVdXABM0QR00R0000000000000000000000000
0000000000000000000000000000000000000000000000000000000000000000R00R00MD6["                                      -%4ABR00000000000000000000000000000000000000000000000000000000000000000000000000000000000000000000000000000000000000RQDn:                             .vqKRRR00000000000000000000000000000000000000000000000000000000000000000000000000000000000000000000000000000000000000RR00Bz'                                  ;wWRM00000QQA?._*J5SdgP&BM000000R0000000000000000000000000
0000000000000000000000000000000000000000000000000000000000000000R0R0R0R0@Fr  .                                  "C$R0R0R00000000000000000000000000000000000000000000000000000000000000000000000000000000000000000000000000000000000RRQK#= .                            _LBRM000000000000000000000000000000000000000000000000000000000000000000000000000000000000000000000000000000000000000R00RQb<..                                . "dR000M0QRdv _sTySdEZ8BMMRRR00000000000000000000000000000
00000000000000000000000000000000000000000000000000000000000000000R000R00QGx.                             .   .;!8QQRRRRR00000000000000000000000000000000000000000000000000000000000000000000000000000000000000000000000000000000R0000@T^``.                            =60BW0R0000000000000000000000000000000000000000000000000000000000000000000000000000000000000000000000000000000000000000MKI.                                     cZR0QWQWp> :sjw6Eb&KBMMRRR000000000000000000000000000000
00000000000000000000000000000000000000000000000000000000000000000R0R0RQMEc -                              .. -?8Q00RRRR0000000000000000000000000000000000000000000000000000000000000000000000000000000000000000000000000000000000000085?=`                             :JHBW0000000000000000000000000000000000000000000000000000000000000000000000000000000000000000000000000000000000000000R00m^ ..                                .` `JM0B0M2\ ;{L3Sg8DNMNRRRRR000000000000000000000000000000
0000000000000000000000000000000000000000000000000000000000000000000Q0RRX>                                  ...)5RQ000RR000000000000000000000000000000000000000000000000000000000000000000000000000000000000000000000000000000000R00RRRQXc_.`.                      -_^c[5$R0000000000000000000000000000000000000000000000000000000000000000000000000000000000000000000000000000000000000R000RQBf' .                                 .`  nN0MB#:_/*L2dY$WNNRMRMRRR000000000000000000000000000000
0000000000000000000000000000000000000000000000000000000000000000R00QQ0Du                                       \Z00000000000000000000000000000000000000000000000000000000000000000000000000000000000000000000000000000000000000000R000Qk7\`                        `._rTwSANQQQQQ00RRQQQQQQQQ000000000000000000000000000000000000000000000000000000000000000000000000000000000000000000000R00QBJ' ..                               .   >4NQko'-)?n5dZ8DNNNMMRRRRR0000000000000000R00000000R0000
00000000000000000000000000000000000000000000000000000000000000000R00Q0Dj'-                                     'TD0RR00R00000000000000000000000000000000000000000000000000000000000000000000000000000000000000000000000000000000R00QQ0R&t`                               ./ljSY$W0QQQMUYbGODRQQ0Q000000000000000000000000000000000000000000000000000000000000000000000000000000000000000000R0QMf^                                  . `;FMQY}-'<tJmX&KWWMMMMRRRR00000000000000000000RR0000RQ00R0
00000000000000000000000000000000000000000000000000000000000000000R000QWV[>_                                    .<4M0Q00000000000000000000000000000000000000000000000000000000000000000000000000000000000000000000000000000000000RR$5]{s>_                                     :/)LbELl/'_-;)]F@Q000000000000000000000000000000000000000000000000000000000000000000000000000000000000000R00R0RQQ&a^ .                                 >uMQP\ 'leygG$WMMMMMRRRR000000000000000000BQQ0Q00RBQQB00R0
00000000000000000000000000000000000000000000000000000000000000000000000QUgo),`                                  'w00R000000000000000000000000000000000000000000000000000000000000000000000000000000000000000000000000000000000000Kw^                                            .xc:         .lXR000000000000000000000000000000000000000000000000000000000000000000000000000000000000000R000R0RQbI_ .                               <FKRq) =cjS4YDRRRMRRRRR0000000000000000R000D8DD&$MQ8$MQQQQQ
0000000000000000000000000000000000000000000000000000000000000000000R00RRRN$h*;.`                                .*WQ00R0000000000000000000000000000000000000000000000000000000000000000000000000000000000000000000000000000000000&e_                                            .`    .        \GQQQ00000000000000000000000000000000000000000000000000000000000000000000000000000000000000000000Qb{`                               ^LKRy\ ,rzqGODRRRRRRR00000000Q0QQQQQQQQQQRQQS/"|'<of"=?F]tjT
0000000000000000000000000000000000000000000000000000000000000000000000000RRDj= .                                 vHQQ00R000000000000000000000000000000000000000000000000000000000000000000000000000000000000000000000000000000000@5)`                                                          ;4QQQ0000000000000000000000000000000000000000000000000000000000000000000000000000000000000000000M0QGv    ..                         `|Ia"`^%jgbOBQQQ0QQQQQQQQQQ000RMHK@$kZVSC!{e% .   `-  ` .   
0000000000000000000000000000000000000000000000000000000000000000000000000R0N2=                                  '[NQQ00000000000000000000000000000000000000000000000000000000000000000000000000000000000000000000000000000000000RRWGt'                                                         ;4QQQ0000000000000000000000000000000000000000000000000000000000000000000000000000000000000000000R0QD2:;  `'.                            .`:"/x7pbUMRBOEqgqfTJL[}?{i<=;;;_`        `   `. .` `   
00000000000000000000000000000000000000000QQQQQQQ00000000000000000000000M00RRYx                                 `!AQ0000000000000000000000000000000000000000000000000000000000000000000000000000000000000000000000000000000000000RRQRm)_                                                        "PQQQ000000000000000000000000000000000000000000000000000000000000000000000000000000000000000QQQQQQQQH22t:;<+.                            ...   -'")c);``                :,_                 -/*t
0000000000000000R0000R0R0R0000QR00R0R0QQQNKKH$HMQQ00R0R000000000R0R0RR0B0QRQMdl-.- ..                         `*&Q0R000000000000000000000000000000000000000000000000000000000000000000000000000000000000000000000000000000000000QQQMXa|`                                                      >4RQ0Q0000000000000000000000000000000000000000000000000000000000000000000000000000000000R0Q0QWkE6P@WMQQ0Hf[)`                                                        . :x[v,. .              /[y6
0000000000000000000000RRR0R000QQQQ0QQQBYS!+//^/*6$0Q0RR00000000000000000000RRRZC[Cr:...                .. ..`"2DQR00000Q000000000000000000000000000000000000000000000000000000000000000000000000000000000000000000000000000000000QQQATx;.                                  ..`.             ,tkQ00000000000000000000000000000000000000000000000000000000000000000000000000000000000000000QR3"_ :/>![I*<+: .                                                     .  -_i>' .               `,*#6S
000000000000000000000RR00QQQRDB$$$@$b2l'        .iCYQ000000000000000000000QQQW$PE4GSv_..           .-'';)vJ3hGQM0000000000000000000000000000000000000000000000000000000000000000000000000000000000000000000000000000000000000000000QDEn}i=-                                 '"/'`           >g0Q0000000000000000000000000000000000000000000000000000000000000000000000000000000000000000R0UT=`.              .                                                     _'.                  .iuFV62
00000000000000000R00R0Q0UgT7*vi=++/+-  `           |P0Q0QQQQ00000QQQQ0MRBZ27?v|':`=\:..                .;l2kQQRR0Q000000000000000000000000000000000000000000000000000000000000000000000000000000000000000000000000000000000000000000RDAh#[v;.                               :xl>|^:.         I8QQQ00000000000000000000000000000000000000000000000000000000000000000000000000000000000000MQW2|.                                                                                      ._'^lwGGGh6
000000000000000000QRNRke<_.-)|))/;-`--.             igRQ000Q0QQQNAhy#eI}x/`                              ._|#$QQ00000000000000000000000000000000000000000000000000000000000000000000000000000000000000000000000000000000000000000000R0QBdTtc=.                              `%!*sc%"`        l&Q00000000000000000000000000000000000000000000000000000000000000000000000000000000000000000NQVv-                                                                                   ,="\vceh8KWDU&
000000000000000000RMBE%  '1fq6mpfJLja[).             vSNQQRMR0DY7<'..        . .                            .}ZRQ0R0R00000000000000000000000000000000000000000000000000000000000000000000000000000000000000000000000000000000000Q00000QWYFj[l/-                              iatt[]{>^`..  -}dDRQ0000000000000000000000000000000000000000000000000000000000000000000000000000000000000000M0kI`                                                .                                '^v{[ouTbHNRQ00R
000000000000000000RRN@mt?ey6m6mFfwwfw#c'_-`........  ."jUGFCe*/;    .                                        `\3WQRR00R000000000000000000000000000000000000000000000000000000000000000000000000000000000000000000000000000000000Q00000RMHbFj1r":-                            lJTLzoa[*i+^>74BQ0R00000000000000000000000000000000000000000000000000000000000000000000000000000000000000000R0h{`                                              . ```-_::_-`.                    '^l?j#mhEZWRRMMMMM
0000000000000000RQRR0R$g#fpSmmmFyJ3555o)\"=,-`...`...  -^,-.    .`                                             '{SHR00R00000000000000000000000000000000000000000000000000000000000000000000000000000000000000000000000000000000000000000W8dyua}%/`                           IV4Sm65ueetfkRQ00000000000000000000000000000000000000000000000000000000000000000000000000000000000000000000RRQd%`                                          . =vl}?!]][t1?{%>|",'__```..       .=laCmGb8@NR00RRRRRR
000000000000000000R0RR$SC3mVSSSSSSggdqpTo!rv^-..........  .......`...                                            .rdQRR0000000000000000000000000000000000000000000000000000000000000000000000000000000000000000000000000000000000000000QRKYV5#7tr;                           l4$U$K&X4G$MQQ0Q0000000000000000000000000000000000000000000000000000000000000000000000000000000000000000000R0QGu)'                                          )XDD@$UU88&kGXmy#jt[I*slcx>";:=/""szF4k@NMRR0000000000
00000000000000000000RRBY6FgGbbbbbbYbYbZbhfe}v+_`.................`...                                        `  +aqHQ0R00000000000000000000000000000000000000000000000000000000000000000000000000000000000000000000000000000000000000000QRW@bh2jx'                           =gQ000Q00QQQ00000000000000000000000000000000000000000000000000000000000000000000000000000000000000000000000R0QHSav,                                         'eNQQ0RMMMMMMMBK&ZPVp2f#jzoa?}I[7jpgA@M000R0R000000000
00000000000000000000RRMWZEGUNNMNNMMMNMMNKGFLI%/_-`......  ``..  .`                                          . .vXRQQ000R000000000000000000000000000000000000000000000000000000000000000000000000000000000000000000000000000000000000000000Q0N8Xz^                            =gQQ000Q000000000000000000000000000000000000000000000000000000000000000000000000000000000000000000000000000000Qky]%=-                                        .2D000RR0RRRR0RMMMD@AYZ4hggpFFmVEA@BMRR000R000000RR00
0000000000000000000RRRRMDDDBWMRRRRRRRRRRMKb6u!x|/=;'_-`. `:'  `_,;`.''':'_` .                                'eAQQ0000R0000000000000000000000000000000000000000000000000000000000000000000000000000000000000000000000000000000000000000Q00Q00RNX7l)'                         ;gQ00000000000000000000000000000000000000000000000000000000000000000000000000000000000000000000000000000000000Q@Vz[}%/,_`                                     cOR0000000RRRRMMMMMMWBH$$$$$$$@KDWMMRR00000000000000
00000000000000000000R00RRRRRRMRRRRRRRRRRMMB&qn]cxi>\|"+^^+)\ ;\)";,"i%*?[?l)-.                             . :LBQ0R000R000000000000000000000000000000000000000000000000000000000000000000000000000000000000000000000000000000000000000000Q00Q0Q0WPt,                        _jK00000000000000000000000000000000000000000000000000000000000000000000000000000000000000000000000000000000000RQBkmne[I{lvi_                                   'CD0000000RRRRMMMMMMMMMMMMMMMMMMMRRRRR00000000000000
000000000000000000000000RRRRRRRRRRRRRRRRRRRR&S#1]I{rrrrrr*?]]I*It!{l{[TfFFF3x:                                <PQ000R00R00000000000000000000000000000000000000000000000000000000000000000000000000000000000000000000000000000000000000000Q0000QQKn+                        )mWRR0000000000000000000000000000000000000000000000000000000000000000000000000000000000000000000000000000000000RQRBkgFyJ#JJws'.                                  }$0000000RRRRRMMMMMMMMMMMMMMMMMRRRRRR00000000000000
00000000000000000000000000RRRRRRRRRRRRRRRRR0R8gCTuLLjjLLnzufFwTJyS2ouwmV4XbG7^                                :#MR0000QR0000000000000000000000000000000000000000000000000000000000000000000000000000000000000000000000000000000000000000000RRQRdI:                         r&QMM00000000000000000000000000000000000000000000000000000000000000000000000000000000000000000000000000000000000000N@UYGGGZbmr-                                  ?U0000000000RRRRRRRRRRRRRRRRRRRRRR00000000000000000
0000000000000000000000000000000000000000R0000ROV5FFFFpp6gEm3VS53gYZS6hXk&A8G<.                                .cOQ0000000000000000000000000000000000000000000000000000000000000000000000000000000000000000000000000000000000000000000000R00QMGo;                           "mWNM0000000000000000000000000000000000000000000000000000000000000000000000000000000000000000000000000000000000000000RDKHDBWAu".                                ;LH000000000000RRRR0RR000000000000000000000000000000
00000000000000000000000000000000000000000R0000MDAYXXXPZbU@8YPPbbkA&kYYPPHMKd                                   ,5Q0Q00000000000000000000000000000000000000000000000000000000000000000000000000000000000000000000000000000000000000000000RR0$C\                              /pBMR00000000000000000000000000000000000000000000000000000000000000000000000000000000000000000000000000000000000000QQRRRRR0Hg*_                                =dR0000000000000000000000000000000000000000000000000
0000000000000000000000000000000000000000000RQRRRND$$$$HDNNNNA8DD@$KDBDOYD0Kq                                   :fQ000R0R0000000000000000000000000000000000000000000000000000000000000000000000000000000000000000000000000000000000000000QR&e_                                %ZQ000000000000000000000000000000000000000000000000000000000000000000000000000000000000000000000000000000000000000000R00R0DZ}'                                ,XR0000000000000000000000000000000000000000000000000