00000000000000000000000000000000000000000000000000000000000000000000000000000000000000000000000000000000000000000000000000000000000000000000000000000000000000000000000000000000000000000000000000000000000000000000000000000000000000000000000000000000000000000000000000000000000000000000000000000000000000000000000000000000000000000000000000000000000000000000000000000000000000000000000000000000000000000000000000000000000000000000000000000000000000000000000000000000000000000000000
00000000000000000000000000000000000000000000000000000000000000000000000000000000000000000000000000000000000000000000000000000000000000000000000000000000000000000000000000000000000000000000000000000000000000000000000000000000000000000000000000000000000000000000000000000000000000000000000000000000000000000000000000000000000000000000000000000000000000000000000000000000000000000000000000000000000000000000000000000000000000000000000000000000000000000000000000000000000000000000000
00000000000000000000000000000000000000000000000000000000000000000000000000000000000000000000000000000000000000000000000000000000000000000000000000000000000000000000000000000000000000000000000000000000000000000000000000000000000000000000000000000000000000000000000000000000000000000000000000000000000000000000000000000000000000000000000000000000000000000000000000000000000000000000000000000000000000000000000000000000000000000000000000000000000000000000000000000000000000000000000
00000000000000000000000000000000000000000000000000000000000000000000000000000000000000000000000000000000000000000000000000000000000000000000000000000000000000000000000000000000000000000000000000000000000000000000000000000000000000000000000000000000000000000000000000000000000000000000000000000000000000000000000000000000000000000000000000000000000000000000000000000000000000000000000000000000000000000000000000000000000000000000000000000000000000000000000000000000000000000000000
00000000000000000000000000000000000000000000000000000000000000000000000000000000000000000000000000000000000000000000000000000000000000000000000000000000000000000000000000000000000000000000000000000000000000000000000000000000000000000000000000000000000000000000000000000000000000000000000000000000000000000000000000000000000000000000000000000000000000000000000000000000000000000000000000000000000000000000000000000000000000000000000000000000000000000000000000000000000000000000000
00000000000000000000000000000000000000000000000000000000000000000000000000000000000000000000000000000000000000000000000000000000000000000000000000000000000000000000000000000000000000000000000000000000000000000000000000000000000000000000000000000000000000000000000000000000000000000000000000000000000000000000000000000000000000000000000000000000000000000000000000000000000000000000000000000000000000000000000000000000000000000000000000000000000000000000000000000000000000000000000
00000000000000000000000000000000000000000000000000000000000000000000000000000000000000000000000000000000000000000000000000000000000000000000000000000000000000000000000000000000000000000000000000000000000000000000000000000000000000000000000000000000000000000000000000000000000000000000000000000000000000000000000000000000000000000000000000000000000000000000000000000000000000000000000000000000000000000000000000000000000000000000000000000000000000000000000000000000000000000000000
00000000000000000000000000000000000000000000000000000000000000000000000000000000000000000000000000000000000000000000000000000000000000000000000000000000000000000000000000000000000000000000000000000000000000000000000000000000000000000000000000000000000000000000000000000000000000000000000000000000000000000000000000000000000000000000000000000000000000000000000000000000000000000000000000000000000000000000000000000000000000000000000000000000000000000000000000000000000000000000000
00000000000000000000000000000000000000000000000000000000000000000000000000000000000000000000000000000000000000000000000000000000000000000000000000000000000000000000000000000000000000000000000000000000000000000000000000000000000000000000000000000000000000000000000000000000000000000000000000000000000000000000000000000000000000000000000000000000000000000000000000000000000000000000000000000000000000000000000000000000000000000000000000000000000000000000000000000000000000000000000
00000000000000000000000000000000000000000000000000000000000000000000000000000000000000000000000000000000000000000000000000000000000000000000000000000000000000000000000000000000000000000000000000000000000000000000000000000000000000000000000000000000000000000000000000000000000000000000000000000000000000000000000000000000000000000000000000000000000000000000000000000000000000000000000000000000000000000000000000000000000000000000000000000000000000000000000000000000000000000000000
00000000000000000000000000000000000000000000000000000000000000000000000000000000000000000000000000000000000000000000000000000000000000000000000000000000000000000000000000000000000000000000000000000000000000000000000000000000000000000000000000000000000000000000000000000000000000000000000000000000000000000000000000000000000000000000000000000000000000000000000000000000000000000000000000000000000000000000000000000000000000000000000000000000000000000000000000000000000000000000000
00000000000000000000000000000000000000000000000000000000000000000000000000000000000000000000000000000000000000000000000000000000000000000000000000000000000000000000000000000000000000000000000000000000000000000000000000000000000000000000000000000000000000000000000000000000000000000000000000000000000000000000000000000000000000000000000000000000000000000000000000000000000000000000000000000000000000000000000000000000000000000000000000000000000000000000000000000000000000000000000
00000000000000000000000000000000000000000000000000000000000000000000000000000000000000000000000000000000000000000000000000000000000000000000000000000000000000000000000000000000000000000000000000000000000000000000000000000000000000000000000000000000000000000000000000000000000000000000000000000000000000000000000000000000000000000000000000000000000000000000000000000000000000000000000000000000000000000000000000000000000000000000000000000000000000000000000000000000000000000000000
00000000000000000000000000000000000000000000000000000000000000000000000000000000000000000000000000000000000000000000000000000000000000000000000000000000000000000000000000000000000000000000000000000000000000000000000000000000000000000000000000000000000000000000000000000000000000000000000000000000000000000000000000000000000000000000000000000000000000000000000000000000000000000000000000000000000000000000000000000000000000000000000000000000000000000000000000000000000000000000000
00000000000000000000000000000000000000000000000000000000000000000000000000000000000000000000000000000000000000000000000000000000000000000000000000000000000000000000000000000000000000000000000000000000000000000000000000000000000000000000000000000000000000000000000000000000000000000000000000000000000000000000000000000000000000000000000000000000000000000000000000000000000000000000000000000000000000000000000000000000000000000000000000000000000000000000000000000000000000000000000
00000000000000000000000000000000000000000000000000000000000000000000000000000000000000000000000000000000000000000000000000000000000000000000000000000000000000000000000000000000000000000000000000000000000000000000000000000000000000000000000000000000000000000000000000000000000000000000000000000000000000000000000000000000000000000000000000000000000000000000000000000000000000000000000000000000000000000000000000000000000000000000000000000000000000000000000000000000000000000000000
00000000000000000000000000000000000000000000000000000000000000000000000000000000000000000000000000000000000000000000000000000000000000000000000000000000000000000000000000000000000000000000000000000000000000000000000000000000000000000000000000000000000000000000000000000000000000000000000000000000000000000000000000000000000000000000000000000000000000000000000000000000000000000000000000000000000000000000000000000000000000000000000000000000000000000000000000000000000000000000000
00000000000000000000000000000000000000000000000000000000000000000000000000000000000000000000000000000000000000000000000000000000000000000000000000000000000000000000000000000000000000000000000000000000000000000000000000000000000000000000000000000000000000000000000000000000000000000000000000000000000000000000000000000000000000000000000000000000000000000000000000000000000000000000000000000000000000000000000000000000000000000000000000000000000000000000000000000000000000000000000
00000000000000000000000000000000000000000000000000000000000000000000000000000000000000000000000000000000000000000000000000000000000000000000000000000000000000000000000000000000000000000000000000000000000000000000000000000000000000000000000000000000000000000000000000000000000000000000000000000000000000000000000000000000000000000000000000000000000000000000000000000000000000000000000000000000000000000000000000000000000000000000000000000000000000000000000000000000000000000000000
00000000000000000000000000000000000000000000000000000000000000000000000000000000000000000000000000000000000000000000000000000000000000000000000000000000000000000000000000000000000000000000000000000000000000000000000000000000000000000000000000000000000000000000000000000000000000000000000000000000000000000000000000000000000000000000000000000000000000000000000000000000000000000000000000000000000000000000000000000000000000000000000000000000000000000000000000000000000000000000000
00000000000000000000000000000000000000000000000000000000000000000000000000000000000000000000000000000000000000000000000000000000000000000000000000000000000000000000000000000000000000000000000000000000000000000000000000000000000000000000000000000000000000000000000000000000000000000000000000000000000000000000000000000000000000000000000000000000000000000000000000000000000000000000000000000000000000000000000000000000000000000000000000000000000000000000000000000000000000000000000
00000000000000000000000000000000000000000000000000000000000000000000000000000000000000000000000000000000000000000000000000000000000000000000000000000000000000000000000000000000000000000000000000000000000000000000000000000000000000000000000000000000000000000000000000000000000000000000000000000000000000000000000000000000000000000000000000000000000000000000000000000000000000000000000000000000000000000000000000000000000000000000000000000000000000000000000000000000000000000000000
00000000000000000000000000000000000000000000000000000000000000000000000000000000000000000000000000000000000000000000000000000000000000000000000000000000000000000000000000000000000000000000000000000000000000000000000000000000000000000000000000000000000000000000000000000000000000000000000000000000000000000000000000000000000000000000000000000000000000000000000000000000000000000000000000000000000000000000000000000000000000000000000000000000000000000000000000000000000000000000000
00000000000000000000000000000000000000000000000000000000000000000000000000000000000000000000000000000000000000000000000000000000000000000000000000000000000000000000000000000000000000000000000000000000000000000000000000000000000000000000000000000000000000000000000000000000000000000000000000000000000000000000000000000000000000000000000000000000000000000000000000000000000000000000000000000000000000000000000000000000000000000000000000000000000000000000000000000000000000000000000
00000000000000000000000000000000000000000000000000000000000000000000000000000000000000000000000000000000000000000000000000000000000000000000000000000000000000000000000000000000000000000000000000000000000000000000000000000000000000000000000000000000000000000000000000000000000000000000000000000000000000000000000000000000000000000000000000000000000000000000000000000000000000000000000000000000000000000000000000000000000000000000000000000000000000000000000000000000000000000000000
00000000000000000000000000000000000000000000000000000000000000000000000000000000000000000000000000000000000000000000000000000000000000000000000000000000000000000000000000000000000000000000000000000000000000000000000000000000000000000000000000000000000000000000000000000000000000000000000000000000000000000000000000000000000000000000000000000000000000000000000000000000000000000000000000000000000000000000000000000000000000000000000000000000000000000000000000000000000000000000000
00000000000000000000000000000000000000000000000000000000000000000000000000000000000000000000000000000000000000000000000000000000000000000000000000000000000000000000000000000000000000000000000000000000000000000000000000000000000000000000000000000000000000000000000000000000000000000000000000000000000000000000000000000000000000000000000000000000000000000000000000000000000000000000000000000000000000000000000000000000000000000000000000000000000000000000000000000000000000000000000
00000000000000000000000000000000000000000000000000000000000000000000000000000000000000000000000000000000000000000000000000000000000000000000000000000000000000000000000000000000000000000000000000000000000000000000000000000000000000000000000000000000000000000000000000000000000000000000000000000000000000000000000000000000000000000000000000000000000000000000000000000000000000000000000000000000000000000000000000000000000000000000000000000000000000000000000000000000000000000000000
00000000000000000000000000000000000000000000000000000000000000000000000000000000000000000000000000000000000000000000000000000000000000000000000000000000000000000000000000000000000000000000000000000000000000000000000000000000000000000000000000000000000000000000000000000000000000000000000000000000000000000000000000000000000000000000000000000000000000000000000000000000000000000000000000000000000000000000000000000000000000000000000000000000000000000000000000000000000000000000000
00000000000000000000000000000000000000000000000000000000000000000000000000000000000000000000000000000000000000000000000000000000000000000000000000000000000000000000000000000000000000000000000000000000000000000000000000000000000000000000000000000000000000000000000000000000000000000000000000000000000000000000000000000000000000000000000000000000000000000000000000000000000000000000000000000000000000000000000000000000000000000000000000000000000000000000000000000000000000000000000
00000000000000000000000000000000000000000000000000000000000000000000000000000000000000000000000000000000000000000000000000000000000000000000000000000000000000000000000000000000000000000000000000000000000000000000000000000000000000000000000000000000000000000000000000000000000000000000000000000000000000000000000000000000000000000000000000000000000000000000000000000000000000000000000000000000000000000000000000000000000000000000000000000000000000000000000000000000000000000000000
00000000000000000000000000000000000000000000000000000000000000000000000000000000000000000000000000000000000000000000000000000000000000000000000000000000000000000000000000000000000000000000000000000000000000000000000000000000000000000000000000000000000000000000000000000000000000000000000000000000000000000000000000000000000000000000000000000000000000000000000000000000000000000000000000000000000000000000000000000000000000000000000000000000000000000000000000000000000000000000000
00000000000000000000000000000000000000000000000000000000000000000000000000000000000000000000000000000000000000000000000000000000000000000000000000000000000000000000000000000000000000000000000000000000000000000000000000000000000000000000000000000000000000000000000000000000000000000000000000000000000000000000000000000000000000000000000000000000000000000000000000000000000000000000000000000000000000000000000000000000000000000000000000000000000000000000000000000000000000000000000
00000000000000000000000000000000000000000000000000000000000000000000000000000000000000000000000000000000000000000000000000000000000000000000000000000000000000000000000000000000000000000000000000000000000000000000000000000000000000000000000000000000000000000000000000000000000000000000000000000000000000000000000000000000000000000000000000000000000000000000000000000000000000000000000000000000000000000000000000000000000000000000000000000000000000000000000000000000000000000000000
00000000000000000000000000000000000000000000000000000000000000000000000000000000000000000000000000000000000000000000000000000000000000000000000000000000000000000000000000000000000000000000000000000000000000000000000000000000000000000000000000000000000000000000000000000000000000000000000000000000000000000000000000000000000000000000000000000000000000000000000000000000000000000000000000000000000000000000000000000000000000000000000000000000000000000000000000000000000000000000000
00000000000000000000000000000000000000000000000000000000000000000000000000000000000000000000000000000000000000000000000000000000000000000000000000000000000000000000000000000000000000000000000000000000000000000000000000000000000000000000000000000000000000000000000000000000000000000000000000000000000000000000000000000000000000000000000000000000000000000000000000000000000000000000000000000000000000000000000000000000000000000000000000000000000000000000000000000000000000000000000
00000000000000000000000000000000000000000000000000000000000000000000000000000000000000000000000000000000000000000000000000000000000000000000000000000000000000000000000000000000000000000000000000000000000000000000000000000000000000000000000000000000000000000000000000000000000000000000000000000000000000000000000000000000000000000000000000000000000000000000000000000000000000000000000000000000000000000000000000000000000000000000000000000000000000000000000000000000000000000000000
00000000000000000000000000000000000000000000000000000000000000000000000000000000000000000000000000000000000000000000000000000000000000000000000000000000000000000000000000000000000000000000000000000000000000000000000000000000000000000000000000000000000000000000000000000000000000000000000000000000000000000000000000000000000000000000000000000000000000000000000000000000000000000000000000000000000000000000000000000000000000000000000000000000000000000000000000000000000000000000000
00000000000000000000000000000000000000000000000000000000000000000000000000000000000000000000000000000000000000000000000000000000000000000000000000000000000000000000000000000000000000000000000000000000000000000000000000000000000000000000000000000000000000000000000000000000000000000000000000000000000000000000000000000000000000000000000000000000000000000000000000000000000000000000000000000000000000000000000000000000000000000000000000000000000000000000000000000000000000000000000
00000000000000000000000000000000000000000000000000000000000000000000000000000000000000000000000000000000000000000000000000000000000000000000000000000000000000000000000000000000000000000000000000000000000000000000000000000000000000000000000000000000000000000000000000000000000000000000000000000000000000000000000000000000000000000000000000000000000000000000000000000000000000000000000000000000000000000000000000000000000000000000000000000000000000000000000000000000000000000000000
00000000000000000000000000000000000000000000000000000000000000000000000000000000000000000000000000000000000000000000000000000000000000000000000000000000000000000000000000000000000000000000000000000000000000000000000000000000000000000000000000000000000000000000000000000000000000000000000000000000000000000000000000000000000000000000000000000000000000000000000000000000000000000000000000000000000000000000000000000000000000000000000000000000000000000000000000000000000000000000000
00000000000000000000000000000000000000000000000000000000000000000000000000000000000000000000000000000000000000000000000000000000000000000000000000000000000000000000000000000000000000000000000000000000000000000000000000000000000000000000000000000000000000000000000000000000000000000000000000000000000000000000000000000000000000000000000000000000000000000000000000000000000000000000000000000000000000000000000000000000000000000000000000000000000000000000000000000000000000000000000
00000000000000000000000000000000000000000000000000000000000000000000000000000000000000000000000000000000000000000000000000000000000000000000000000000000000000000000000000000000000000000000000000000000000000000000000000000000000000000000000000000000000000000000000000000000000000000000000000000000000000000000000000000000000000000000000000000000000000000000000000000000000000000000000000000000000000000000000000000000000000000000000000000000000000000000000000000000000000000000000
00000000000000000000000000000000000000000000000000000000000000000000000000000000000000000000000000000000000000000000000000000000000000000000000000000000000000000000000000000000000000000000000000000000000000000000000000000000000000000000000000000000000000000000000000000000000000000000000000000000000000000000000000000000000000000000000000000000000000000000000000000000000000000000000000000000000000000000000000000000000000000000000000000000000000000000000000000000000000000000000
00000000000000000000000000000000000000000000000000000000000000000000000000000000000000000000000000000000000000000000000000000000000000000000000000000000000000000000000000000000000000000000000000000000000000000000000000000000000000000000000000000000000000000000000000000000000000000000000000000000000000000000000000000000000000000000000000000000000000000000000000000000000000000000000000000000000000000000000000000000000000000000000000000000000000000000000000000000000000000000000
00000000000000000000000000000000000000000000000000000000000000000000000000000000000000000000000000000000000000000000000000000000000000000000000000000000000000000000000000000000000000000000000000000000000000000000000000000000000000000000000000000000000000000000000000000000000000000000000000000000000000000000000000000000000000000000000000000000000000000000000000000000000000000000000000000000000000000000000000000000000000000000000000000000000000000000000000000000000000000000000
00000000000000000000000000000000000000000000000000000000000000000000000000000000000000000000000000000000000000000000000000000000000000000000000000000000000000000000000000000000000000000000000000000000000000000000000000000000000000000000000000000000000000000000000000000000000000000000000000000000000000000000000000000000000000000000000000000000000000000000000000000000000000000000000000000000000000000000000000000000000000000000000000000000000000000000000000000000000000000000000
00000000000000000000000000000000000000000000000000000000000000000000000000000000000000000000000000000000000000000000000000000000000000000000000000000000000000000000000000000000000000000000000000000000000000000000000000000000000000000000000000000000000000000000000000000000000000000000000000000000000000000000000000000000000000000000000000000000000000000000000000000000000000000000000000000000000000000000000000000000000000000000000000000000000000000000000000000000000000000000000
00000000000000000000000000000000000000000000000000000000000000000000000000000000000000000000000000000000000000000000000000000000000000000000000000000000000000000000000000000000000000000000000000000000000000000000000000000000000000000000000000000000000000000000000000000000000000000000000000000000000000000000000000000000000000000000000000000000000000000000000000000000000000000000000000000000000000000000000000000000000000000000000000000000000000000000000000000000000000000000000
00000000000000000000000000000000000000000000000000000000000000000000000000000000000000000000000000000000000000000000000000000000000000000000000000000000000000000000000000000000000000000000000000000000000000000000000000000000000000000000000000000000000000000000000000000000000000000000000000000000000000000000000000000000000000000000000000000000000000000000000000000000000000000000000000000000000000000000000000000000000000000000000000000000000000000000000000000000000000000000000
00000000000000000000000000000000000000000000000000000000000000000000000000000000000000000000000000000000000000000000000000000000000000000000000000000000000000000000000000000000000000000000000000000000000000000000000000000000000000000000000000000000000000000000000000000000000000000000000000000000000000000000000000000000000000000000000000000000000000000000000000000000000000000000000000000000000000000000000000000000000000000000000000000000000000000000000000000000000000000000000
00000000000000000000000000000000000000000000000000000000000000000000000000000000000000000000000000000000000000000000000000000000000000000000000000000000000000000000000000000000000000000000000000000000000000000000000000000000000000000000000000000000000000000000000000000000000000000000000000000000000000000000000000000000000000000000000000000000000000000000000000000000000000000000000000000000000000000000000000000000000000000000000000000000000000000000000000000000000000000000000
00000000000000000000000000000000000000000000000000000000000000000000000000000000000000000000000000000000000000000000000000000000000000000000000000000000000000000000000000000000000000000000000000000000000000000000000000000000000000000000000000000000000000000000000000000000000000000000000000000000000000000000000000000000000000000000000000000000000000000000000000000000000000000000000000000000000000000000000000000000000000000000000000000000000000000000000000000000000000000000000
00000000000000000000000000000000000000000000000000000000000000000000000000000000000000000000000000000000000000000000000000000000000000000000000000000000000000000000000000000000000000000000000000000000000000000000000000000000000000000000000000000000000000000000000000000000000000000000000000000000000000000000000000000000000000000000000000000000000000000000000000000000000000000000000000000000000000000000000000000000000000000000000000000000000000000000000000000000000000000000000
00000000000000000000000000000000000000000000000000000000000000000000000000000000000000000000000000000000000000000000000000000000000000000000000000000000000000000000000000000000000000000000000000000000000000000000000000000000000000000000000000000000000000000000000000000000000000000000000000000000000000000000000000000000000000000000000000000000000000000000000000000000000000000000000000000000000000000000000000000000000000000000000000000000000000000000000000000000000000000000000
00000000000000000000000000000000000000000000000000000000000000000000000000000000000000000000000000000000000000000000000000000000000000000000000000000000000000000000000000000000000000000000000000000000000000000000000000000000000000000000000000000000000000000000000000000000000000000000000000000000000000000000000000000000000000000000000000000000000000000000000000000000000000000000000000000000000000000000000000000000000000000000000000000000000000000000000000000000000000000000000
00000000000000000000000000000000000000000000000000000000000000000000000000000000000000000000000000000000000000000000000000000000000000000000000000000000000000000000000000000000000000000000000000000000000000000000000000000000000000000000000000000000000000000000000000000000000000000000000000000000000000000000000000000000000000000000000000000000000000000000000000000000000000000000000000000000000000000000000000000000000000000000000000000000000000000000000000000000000000000000000
00000000000000000000000000000000000000000000000000000000000000000000000000000000000000000000000000000000000000000000000000000000000000000000000000000000000000000000000000000000000000000000000000000000000000000000000000000000000000000000000000000000000000000000000000000000000000000000000000000000000000000000000000000000000000000000000000000000000000000000000000000000000000000000000000000000000000000000000000000000000000000000000000000000000000000000000000000000000000000000000
00000000000000000000000000000000000000000000000000000000000000000000000000000000000000000000000000000000000000000000000000000000000000000000000000000000000000000000000000000000000000000000000000000000000000000000000000000000000000000000000000000000000000000000000000000000000000000000000000000000000000000000000000000000000000000000000000000000000000000000000000000000000000000000000000000000000000000000000000000000000000000000000000000000000000000000000000000000000000000000000
00000000000000000000000000000000000000000000000000000000000000000000000000000000000000000000000000000000000000000000000000000000000000000000000000000000000000000000000000000000000000000000000000000000000000000000000000000000000000000000000000000000000000000000000000000000000000000000000000000000000000000000000000000000000000000000000000000000000000000000000000000000000000000000000000000000000000000000000000000000000000000000000000000000000000000000000000000000000000000000000
00000000000000000000000000000000000000000000000000000000000000000000000000000000000000000000000000000000000000000000000000000000000000000000000000000000000000000000000000000000000000000000000000000000000000000000000000000000000000000000000000000000000000000000000000000000000000000000000000000000000000000000000000000000000000000000000000000000000000000000000000000000000000000000000000000000000000000000000000000000000000000000000000000000000000000000000000000000000000000000000
00000000000000000000000000000000000000000000000000000000000000000000000000000000000000000000000000000000000000000000000000000000000000000000000000000000000000000000000000000000000000000000000000000000000000000000000000000000000000000000000000000000000000000000000000000000000000000000000000000000000000000000000000000000000000000000000000000000000000000000000000000000000000000000000000000000000000000000000000000000000000000000000000000000000000000000000000000000000000000000000
00000000000000000000000000000000000000000000000000000000000000000000000000000000000000000000000000000000000000000000000000000000000000000000000000000000000000000000000000000000000000000000000000000000000000000000000000000000000000000000000000000000000000000000000000000000000000000000000000000000000000000000000000000000000000000000000000000000000000000000000000000000000000000000000000000000000000000000000000000000000000000000000000000000000000000000000000000000000000000000000
00000000000000000000000000000000000000000000000000000000000000000000000000000000000000000000000000000000000000000000000000000000000000000000000000000000000000000000000000000000000000000000000000000000000000000000000000000000000000000000000000000000000000000000000000000000000000000000000000000000000000000000000000000000000000000000000000000000000000000000000000000000000000000000000000000000000000000000000000000000000000000000000000000000000000000000000000000000000000000000000
00000000000000000000000000000000000000000000000000000000000000000000000000000000000000000000000000000000000000000000000000000000000000000000000000000000000000000000000000000000000000000000000000000000000000000000000000000000000000000000000000000000000000000000000000000000000000000000000000000000000000000000000000000000000000000000000000000000000000000000000000000000000000000000000000000000000000000000000000000000000000000000000000000000000000000000000000000000000000000000000
00000000000000000000000000000000000000000000000000000000000000000000000000000000000000000000000000000000000000000000000000000000000000000000000000000000000000000000000000000000000000000000000000000000000000000000000000000000000000000000000000000000000000000000000000000000000000000000000000000000000000000000000000000000000000000000000000000000000000000000000000000000000000000000000000000000000000000000000000000000000000000000000000000000000000000000000000000000000000000000000
00000000000000000000000000000000000000000000000000000000000000000000000000000000000000000000000000000000000000000000000000000000000000000000000000000000000000000000000000000000000000000000000000000000000000000000000000000000000000000000000000000000000000000000000000000000000000000000000000000000000000000000000000000000000000000000000000000000000000000000000000000000000000000000000000000000000000000000000000000000000000000000000000000000000000000000000000000000000000000000000
00000000000000000000000000000000000000000000000000000000000000000000000000000000000000000000000000000000000000000000000000000000000000000000000000000000000000000000000000000000000000000000000000000000000000000000000000000000000000000000000000000000000000000000000000000000000000000000000000000000000000000000000000000000000000000000000000000000000000000000000000000000000000000000000000000000000000000000000000000000000000000000000000000000000000000000000000000000000000000000000
00000000000000000000000000000000000000000000000000000000000000000000000000000000000000000000000000000000000000000000000000000000000000000000000000000000000000000000000000000000000000000000000000000000000000000000000000000000000000000000000000000000000000000000000000000000000000000000000000000000000000000000000000000000000000000000000000000000000000000000000000000000000000000000000000000000000000000000000000000000000000000000000000000000000000000000000000000000000000000000000
00000000000000000000000000000000000000000000000000000000000000000000000000000000000000000000000000000000000000000000000000000000000000000000000000000000000000000000000000000000000000000000000000000000000000000000000000000000000000000000000000000000000000000000000000000000000000000000000000000000000000000000000000000000000000000000000000000000000000000000000000000000000000000000000000000000000000000000000000000000000000000000000000000000000000000000000000000000000000000000000
00000000000000000000000000000000000000000000000000000000000000000000000000000000000000000000000000000000000000000000000000000000000000000000000000000000000000000000000000000000000000000000000000000000000000000000000000000000000000000000000000000000000000000000000000000000000000000000000000000000000000000000000000000000000000000000000000000000000000000000000000000000000000000000000000000000000000000000000000000000000000000000000000000000000000000000000000000000000000000000000
00000000000000000000000000000000000000000000000000000000000000000000000000000000000000000000000000000000000000000000000000000000000000000000000000000000000000000000000000000000000000000000000000000000000000000000000000000000000000000000000000000000000000000000000000000000000000000000000000000000000000000000000000000000000000000000000000000000000000000000000000000000000000000000000000000000000000000000000000000000000000000000000000000000000000000000000000000000000000000000000
00000000000000000000000000000000000000000000000000000000000000000000000000000000000000000000000000000000000000000000000000000000000000000000000000000000000000000000000000000000000000000000000000000000000000000000000000000000000000000000000000000000000000000000000000000000000000000000000000000000000000000000000000000000000000000000000000000000000000000000000000000000000000000000000000000000000000000000000000000000000000000000000000000000000000000000000000000000000000000000000
00000000000000000000000000000000000000000000000000000000000000000000000000000000000000000000000000000000000000000000000000000000000000000000000000000000000000000000000000000000000000000000000000000000000000000000000000000000000000000000000000000000000000000000000000000000000000000000000000000000000000000000000000000000000000000000000000000000000000000000000000000000000000000000000000000000000000000000000000000000000000000000000000000000000000000000000000000000000000000000000
00000000000000000000000000000000000000000000000000000000000000000000000000000000000000000000000000000000000000000000000000000000000000000000000000000000000000000000000000000000000000000000000000000000000000000000000000000000000000000000000000000000000000000000000000000000000000000000000000000000000000000000000000000000000000000000000000000000000000000000000000000000000000000000000000000000000000000000000000000000000000000000000000000000000000000000000000000000000000000000000
00000000000000000000000000000000000000000000000000000000000000000000000000000000000000000000000000000000000000000000000000000000000000000000000000000000000000000000000000000000000000000000000000000000000000000000000000000000000000000000000000000000000000000000000000000000000000000000000000000000000000000000000000000000000000000000000000000000000000000000000000000000000000000000000000000000000000000000000000000000000000000000000000000000000000000000000000000000000000000000000
00000000000000000000000000000000000000000000000000000000000000000000000000000000000000000000000000000000000000000000000000000000000000000000000000000000000000000000000000000000000000000000000000000000000000000000000000000000000000000000000000000000000000000000000000000000000000000000000000000000000000000000000000000000000000000000000000000000000000000000000000000000000000000000000000000000000000000000000000000000000000000000000000000000000000000000000000000000000000000000000
00000000000000000000000000000000000000000000000000000000000000000000000000000000000000000000000000000000000000000000000000000000000000000000000000000000000000000000000000000000000000000000000000000000000000000000000000000000000000000000000000000000000000000000000000000000000000000000000000000000000000000000000000000000000000000000000000000000000000000000000000000000000000000000000000000000000000000000000000000000000000000000000000000000000000000000000000000000000000000000000
00000000000000000000000000000000000000000000000000000000000000000000000000000000000000000000000000000000000000000000000000000000000000000000000000000000000000000000000000000000000000000000000000000000000000000000000000000000000000000000000000000000000000000000000000000000000000000000000000000000000000000000000000000000000000000000000000000000000000000000000000000000000000000000000000000000000000000000000000000000000000000000000000000000000000000000000000000000000000000000000
00000000000000000000000000000000000000000000000000000000000000000000000000000000000000000000000000000000000000000000000000000000000000000000000000000000000000000000000000000000000000000000000000000000000000000000000000000000000000000000000000000000000000000000000000000000000000000000000000000000000000000000000000000000000000000000000000000000000000000000000000000000000000000000000000000000000000000000000000000000000000000000000000000000000000000000000000000000000000000000000
00000000000000000000000000000000000000000000000000000000000000000000000000000000000000000000000000000000000000000000000000000000000000000000000000000000000000000000000000000000000000000000000000000000000000000000000000000000000000000000000000000000000000000000000000000000000000000000000000000000000000000000000000000000000000000000000000000000000000000000000000000000000000000000000000000000000000000000000000000000000000000000000000000000000000000000000000000000000000000000000
00000000000000000000000000000000000000000000000000000000000000000000000000000000000000000000000000000000000000000000000000000000000000000000000000000000000000000000000000000000000000000000000000000000000000000000000000000000000000000000000000000000000000000000000000000000000000000000000000000000000000000000000000000000000000000000000000000000000000000000000000000000000000000000000000000000000000000000000000000000000000000000000000000000000000000000000000000000000000000000000
00000000000000000000000000000000000000000000000000000000000000000000000000000000000000000000000000000000000000000000000000000000000000000000000000000000000000000000000000000000000000000000000000000000000000000000000000000000000000000000000000000000000000000000000000000000000000000000000000000000000000000000000000000000000000000000000000000000000000000000000000000000000000000000000000000000000000000000000000000000000000000000000000000000000000000000000000000000000000000000000
00000000000000000000000000000000000000000000000000000000000000000000000000000000000000000000000000000000000000000000000000000000000000000000000000000000000000000000000000000000000000000000000000000000000000000000000000000000000000000000000000000000000000000000000000000000000000000000000000000000000000000000000000000000000000000000000000000000000000000000000000000000000000000000000000000000000000000000000000000000000000000000000000000000000000000000000000000000000000000000000
00000000000000000000000000000000000000000000000000000000000000000000000000000000000000000000000000000000000000000000000000000000000000000000000000000000000000000000000000000000000000000000000000000000000000000000000000000000000000000000000000000000000000000000000000000000000000000000000000000000000000000000000000000000000000000000000000000000000000000000000000000000000000000000000000000000000000000000000000000000000000000000000000000000000000000000000000000000000000000000000
00000000000000000000000000000000000000000000000000000000000000000000000000000000000000000000000000000000000000000000000000000000000000000000000000000000000000000000000000000000000000000000000000000000000000000000000000000000000000000000000000000000000000000000000000000000000000000000000000000000000000000000000000000000000000000000000000000000000000000000000000000000000000000000000000000000000000000000000000000000000000000000000000000000000000000000000000000000000000000000000
00000000000000000000000000000000000000000000000000000000000000000000000000000000000000000000000000000000000000000000000000000000000000000000000000000000000000000000000000000000000000000000000000000000000000000000000000000000000000000000000000000000000000000000000000000000000000000000000000000000000000000000000000000000000000000000000000000000000000000000000000000000000000000000000000000000000000000000000000000000000000000000000000000000000000000000000000000000000000000000000
00000000000000000000000000000000000000000000000000000000000000000000000000000000000000000000000000000000000000000000000000000000000000000000000000000000000000000000000000000000000000000000000000000000000000000000000000000000000000000000000000000000000000000000000000000000000000000000000000000000000000000000000000000000000000000000000000000000000000000000000000000000000000000000000000000000000000000000000000000000000000000000000000000000000000000000000000000000000000000000000
00000000000000000000000000000000000000000000000000000000000000000000000000000000000000000000000000000000000000000000000000000000000000000000000000000000000000000000000000000000000000000000000000000000000000000000000000000000000000000000000000000000000000000000000000000000000000000000000000000000000000000000000000000000000000000000000000000000000000000000000000000000000000000000000000000000000000000000000000000000000000000000000000000000000000000000000000000000000000000000000
00000000000000000000000000000000000000000000000000000000000000000000000000000000000000000000000000000000000000000000000000000000000000000000000000000000000000000000000000000000000000000000000000000000000000000000000000000000000000000000000000000000000000000000000000000000000000000000000000000000000000000000000000000000000000000000000000000000000000000000000000000000000000000000000000000000000000000000000000000000000000000000000000000000000000000000000000000000000000000000000
00000000000000000000000000000000000000000000000000000000000000000000000000000000000000000000000000000000000000000000000000000000000000000000000000000000000000000000000000000000000000000000000000000000000000000000000000000000000000000000000000000000000000000000000000000000000000000000000000000000000000000000000000000000000000000000000000000000000000000000000000000000000000000000000000000000000000000000000000000000000000000000000000000000000000000000000000000000000000000000000
00000000000000000000000000000000000000000000000000000000000000000000000000000000000000000000000000000000000000000000000000000000000000000000000000000000000000000000000000000000000000000000000000000000000000000000000000000000000000000000000000000000000000000000000000000000000000000000000000000000000000000000000000000000000000000000000000000000000000000000000000000000000000000000000000000000000000000000000000000000000000000000000000000000000000000000000000000000000000000000000
00000000000000000000000000000000000000000000000000000000000000000000000000000000000000000000000000000000000000000000000000000000000000000000000000000000000000000000000000000000000000000000000000000000000000000000000000000000000000000000000000000000000000000000000000000000000000000000000000000000000000000000000000000000000000000000000000000000000000000000000000000000000000000000000000000000000000000000000000000000000000000000000000000000000000000000000000000000000000000000000
00000000000000000000000000000000000000000000000000000000000000000000000000000000000000000000000000000000000000000000000000000000000000000000000000000000000000000000000000000000000000000000000000000000000000000000000000000000000000000000000000000000000000000000000000000000000000000000000000000000000000000000000000000000000000000000000000000000000000000000000000000000000000000000000000000000000000000000000000000000000000000000000000000000000000000000000000000000000000000000000
00000000000000000000000000000000000000000000000000000000000000000000000000000000000000000000000000000000000000000000000000000000000000000000000000000000000000000000000000000000000000000000000000000000000000000000000000000000000000000000000000000000000000000000000000000000000000000000000000000000000000000000000000000000000000000000000000000000000000000000000000000000000000000000000000000000000000000000000000000000000000000000000000000000000000000000000000000000000000000000000
00000000000000000000000000000000000000000000000000000000000000000000000000000000000000000000000000000000000000000000000000000000000000000000000000000000000000000000000000000000000000000000000000000000000000000000000000000000000000000000000000000000000000000000000000000000000000000000000000000000000000000000000000000000000000000000000000000000000000000000000000000000000000000000000000000000000000000000000000000000000000000000000000000000000000000000000000000000000000000000000
00000000000000000000000000000000000000000000000000000000000000000000000000000000000000000000000000000000000000000000000000000000000000000000000000000000000000000000000000000000000000000000000000000000000000000000000000000000000000000000000000000000000000000000000000000000000000000000000000000000000000000000000000000000000000000000000000000000000000000000000000000000000000000000000000000000000000000000000000000000000000000000000000000000000000000000000000000000000000000000000
00000000000000000000000000000000000000000000000000000000000000000000000000000000000000000000000000000000000000000000000000000000000000000000000000000000000000000000000000000000000000000000000000000000000000000000000000000000000000000000000000000000000000000000000000000000000000000000000000000000000000000000000000000000000000000000000000000000000000000000000000000000000000000000000000000000000000000000000000000000000000000000000000000000000000000000000000000000000000000000000
00000000000000000000000000000000000000000000000000000000000000000000000000000000000000000000000000000000000000000000000000000000000000000000000000000000000000000000000000000000000000000000000000000000000000000000000000000000000000000000000000000000000000000000000000000000000000000000000000000000000000000000000000000000000000000000000000000000000000000000000000000000000000000000000000000000000000000000000000000000000000000000000000000000000000000000000000000000000000000000000
00000000000000000000000000000000000000000000000000000000000000000000000000000000000000000000000000000000000000000000000000000000000000000000000000000000000000000000000000000000000000000000000000000000000000000000000000000000000000000000000000000000000000000000000000000000000000000000000000000000000000000000000000000000000000000000000000000000000000000000000000000000000000000000000000000000000000000000000000000000000000000000000000000000000000000000000000000000000000000000000
00000000000000000000000000000000000000000000000000000000000000000000000000000000000000000000000000000000000000000000000000000000000000000000000000000000000000000000000000000000000000000000000000000000000000000000000000000000000000000000000000000000000000000000000000000000000000000000000000000000000000000000000000000000000000000000000000000000000000000000000000000000000000000000000000000000000000000000000000000000000000000000000000000000000000000000000000000000000000000000000
00000000000000000000000000000000000000000000000000000000000000000000000000000000000000000000000000000000000000000000000000000000000000000000000000000000000000000000000000000000000000000000000000000000000000000000000000000000000000000000000000000000000000000000000000000000000000000000000000000000000000000000000000000000000000000000000000000000000000000000000000000000000000000000000000000000000000000000000000000000000000000000000000000000000000000000000000000000000000000000000
00000000000000000000000000000000000000000000000000000000000000000000000000000000000000000000000000000000000000000000000000000000000000000000000000000000000000000000000000000000000000000000000000000000000000000000000000000000000000000000000000000000000000000000000000000000000000000000000000000000000000000000000000000000000000000000000000000000000000000000000000000000000000000000000000000000000000000000000000000000000000000000000000000000000000000000000000000000000000000000000
00000000000000000000000000000000000000000000000000000000000000000000000000000000000000000000000000000000000000000000000000000000000000000000000000000000000000000000000000000000000000000000000000000000000000000000000000000000000000000000000000000000000000000000000000000000000000000000000000000000000000000000000000000000000000000000000000000000000000000000000000000000000000000000000000000000000000000000000000000000000000000000000000000000000000000000000000000000000000000000000
00000000000000000000000000000000000000000000000000000000000000000000000000000000000000000000000000000000000000000000000000000000000000000000000000000000000000000000000000000000000000000000000000000000000000000000000000000000000000000000000000000000000000000000000000000000000000000000000000000000000000000000000000000000000000000000000000000000000000000000000000000000000000000000000000000000000000000000000000000000000000000000000000000000000000000000000000000000000000000000000
00000000000000000000000000000000000000000000000000000000000000000000000000000000000000000000000000000000000000000000000000000000000000000000000000000000000000000000000000000000000000000000000000000000000000000000000000000000000000000000000000000000000000000000000000000000000000000000000000000000000000000000000000000000000000000000000000000000000000000000000000000000000000000000000000000000000000000000000000000000000000000000000000000000000000000000000000000000000000000000000
00000000000000000000000000000000000000000000000000000000000000000000000000000000000000000000000000000000000000000000000000000000000000000000000000000000000000000000000000000000000000000000000000000000000000000000000000000000000000000000000000000000000000000000000000000000000000000000000000000000000000000000000000000000000000000000000000000000000000000000000000000000000000000000000000000000000000000000000000000000000000000000000000000000000000000000000000000000000000000000000
00000000000000000000000000000000000000000000000000000000000000000000000000000000000000000000000000000000000000000000000000000000000000000000000000000000000000000000000000000000000000000000000000000000000000000000000000000000000000000000000000000000000000000000000000000000000000000000000000000000000000000000000000000000000000000000000000000000000000000000000000000000000000000000000000000000000000000000000000000000000000000000000000000000000000000000000000000000000000000000000
0000000000000000000000000000000000000000000000000000000000000000000000000000000000000000000000000000000000000000000000000000000000000000000000000000000000000000000000000000000000000000000000000000000000000000000000000000000000000000000000000000000000000000000000000000000000000000000000000000000000000000000000000000000000000000000000000000000000000000000000000000000000000000000000000000000000000000000000000000000000000000000000000000000000000R0RQQQ0000000000000000000000000000
00000000000000000000000000000000000000000000000000000000000000000000000000000000000000000000000000000000000000000000000000000000000000000000000000000000000000000000000000000000000000000000000000000000000000000000000000000000000000000000000000RR0000000000000000000000000000000000000000000000000000000000000000000000000000000000000000000000000000000000000000000000000000000000000000000000000000000000000000000000000000000000000000000000000000000R0R0D55@R000000000000000000000000000
000000000000000000000000000000000000000000000000000000000000000000000000000000000000000000000000000000000000000000000000000000000000000000000000000000000000000000000000000000000000000000000000000000000000000000000000000000000000000000000000000Q00R000000000000000000000000000000000000000000000000000000000000000000000000000000000000000000000000000000000000000000000000000000000000000000000000000000000000000000000000000000000000000000000000R0R000RR#- #DR00000000000000000000000000
0000000000000000000000000000000000000000000000000000000000000000000000000000000000000000000000000000000000000000000000000000000000000000000000000000000000000000000000000000000000000000000000000000000000000000000000000000000000000000000000Q00QNBM00QRRR000000000000000000000000000000000000000000000000000000000000000000000000000000000000000000000000000000000000000000000000000000000000000000000000000000000000000000000000000000000000000000000R0000QX= ?&DR0QQQ0000000000000000000000
0000000000000000000000000000000000000000000000000000000000000000000000000000000000000000000000000000000000000000000000000000000000000000000000000000000000000000000000000000000000000000000000000000000000000000000000000000000000000000000RR0K&WQbJYQUG$R000R000000000000000000000000000000000000000000000000000000000000000000000000000000000000000000000000000000000000000000000000000000000000000000000000000000000000000000000000000000000000000000R0RMQH{ r8BBR0QQQQQQQ000000000000000000
000000000000000000000000000000000000000000000000000000000000000000000000000000000000000000000000000000000000000000000000000000000000000000000000000000000000000000000000000000000000000000000000000000000000000000000000000000000000000000RR00@dw2gI!Fo2BQ00000000000000000000000000000000000000000000000000000000000000000000000000000000000000000000000000000000000000000000000000000000000000000000000000000000000000000000000000000000000000000000000RR0Re.>YWBR00QQQQQQ0000000000000000000
00000000000000000000000000000000000000000000000000000000000000000000000000000000000000000000000000000000000000000000000000000000000000000000000000000000000000000000000000000000000000000000000000000000000000000000000000000000000000000000QWOXf)_-  )npFGW0000000000000000000000000000000000000000000000000000000000000000000000000000000000000000000000000000000000000000000000000000000000000000000000000000000000000000000000000000000000000000000RRQ002:.mR00Q000QQQQQ0000000000000000000
000000000000000000000000000000000000000000000000000000000000000000000000000000000000000000000000000000000000000000000000000000000000000000000000000000000000000000000000000000000000000000000000000000000000000000000000000000000000000000000KhmSz" . `ISkBQQ00000000000000000000000000000000000000000000000000000000000000000000000000000000000000000000000000000000000000000000000000000000000R0QQQ00000000000000000000000000000000000000000000000000MR0QV".tD0000Q00000000000000000000000000
000000000000000000000000000000000000000000000000000000000000000000000000000000000000000000000000R00R0000Q00Q0000000000000000000000000000000000000000000000000000000000000000000000000000000000000000000000000000000000000000000000000000000R00QQWSi. . -|ICgK0QQ000QQQQ0RRR000000000000000000000000000000000000000000000000000000000000000000000000000000000000000000000000000000000000000000000Po[3$0RRRRRR0000000000000000000000000000000000000000000N0QU{ rK00000000000000000000000000000000
000000000000000000000000000000000000000000000000000000000000000000000000000000000000000000000000000R0Q0RQQNDN00R00000000000000000000000000000000000000000000000000000000000000000000000000000000000000000000000000000000000000000000000000000QQZ}'..       `"!5bWQQRK8KRQQMMR000000000000000000000000000000000000000000000000000000000000000000000000000000000000000000000000000000000000000000QNg%.rAQRRRRRR00000000000000000000000000000000000000000Q00Wo."dQ00000000000000000000000000000000
0000000000000000000000000000000000000000000000000000000000000000000000000000000000000000000000000000RWQQHCx[@RR000000000000000000000000000000000000000000000000000000000000000000000000000000000000000000000000000000000000000000000000000QQQWS)  .            :cJXJ>=<If$QRRRR0000000000000000000000000000000000000000000000000000000000000000000000000000000000000000000000000000000000000000QQ0Yx *ARR00RRR000000000000000000000000000000000000000RRRR2''2M000000000000000000000000000000000
000000000000000000000000000000000000000000000000000000000000000000000000000000000000000000000000RMW0Kt1Tx `jQQMQ00000R00000000000000000000000000000000000000000000000000000000000000000000000000000000000000000000000000000000000000R00Q00QHq}:                   -.    ']EKWMRRR00000000000000000000000000000000000000000000000000000000000000000000000000000000000000000000000000000000000000R00BT'.uBQQQQQR000000000000R00000000000000000000000000R0Ng) 7HQQQ0000000000000000000000000000000
0000000000000000000000000000000000000000000000000000000000000000000000000000000000000000000000000RMQWj   `;]EDMMRR00RR0R000000000000000000000000000000000000000000000000000000000000000000000000000000000000000000000000000000000000RMQQQQb}`                           .l4NRRRR000000000000000000000000000000000000000000000000000000000000000000000000000000000000000000000000000000000000000M0RDz: ;!2gkKMQQQ0QQR00RR0R000R00R00R00R000000000000R00Q8l ik0RRRRR00000000000000000000000000000
0000000000000000000000000000000000000000000000000000000000000000000000000000000000000000000000000WRMX}`     :7$Q0R000R000000000000000000000000000000000000000000000000000000000000000000000000000000000000000000000000000000000R000QRRYywj<.                         . ,jUQ0RR00000000000000000000000000000000000000000000000000000000000000000000000000000000000000000000000000000000000000000N0QWw=    `_"ca#6YDMQQQQQQQQQQQRQQQQ00R0000000000R00R0QNa )hR0RRRR000000000000000000000000000000
0000000000000000000000000000000000000000000000000000000000000000000000000000000000000000RR00000QQQWq).        |fH00RR0R000000000000000000000000000000000000000000000000000000000000000000000000000000000000000000000000000000000000NPyf1+                             `1$QRR0RRRRR00000000000000000000000000000000000000000000000000000000000000000000000000000000000000000000000000000000000000Q&?,.           :)loF4qwVAYODPo%]EMR0R00000000000QRR0Rq_;2N000000000000000000000000000000000000
000000000000000000000000000000000000000000000000000000000000000000000000000000000R00R000000QQQRUZ3{+.   ."*:`  `uQ00000000000000000000000000000000000000000000000000000000000000000000000000000000000000000000000000000000000000000QW6l>i|_                            <FDQ000RRRRRRRRR000000000000000000000000000000000000000000000000000000000000000000000000000000000000000000000000R0R000R0QH1`                 .`  `,:^)^  _2W0RRR0000000000QR0QZ)_7&Q000000000000000000000000000000000000
000000000000000000000000000000000000000000000000000000000000000000000000000000R0000RRRRQQQRUhf{+:.       `""   )XQ0R000000000000000000000000000000000000000000000000000000000000000000000000000000000000000000000000000000000000R000RRHSr:.                             `jHQRRRRRRRRRRR0000000000000000000000000000000000000000000000000000000000000000000000000000000000000000000000000R00Q000Du;  .                           zHRRM0RR00000000000Q&! *AN00R0000000000000000000000000000000000
0000000000000000000000000000000000000000000000000000000000000000000000000RR0QQ0QQQ00QQW&hJ{=.               .:IkQ0R000R0000000000000000000000000000000000000000000000000000000000000000000000000000000000000000000000000000000000R000QQQBf/ .                            /V00RRRRRRRRRR0000000000000000000000000000000000000000000000000000000000000000000000000000000000000000000000000000MRQNC^                              _G0RMRRRRRRRR00000R0Mu-^kQ00R0R000000000000000000000000000000000
0000000000000000000000000000000000000000000000000000000000000000000000000RMMOf[#dBQ0$fc=.                . .'s$QMR000R00000000000000000000000000000000000000000000000000000000000000000000000000000000000000000000000000000000000000Q0R0QE%                               uW0RRRRRRRRRR000000000000QQQQ000000000000000000000000000000000000000000000000000000000000000000000000000000000000MRRX>                               :bRM0RRRRRRRR000000Rp'_fR000R00000000000000000000000000000000000
000000000000000000000000000000000000000000000000000000000000000000000000RM0Du-  `)uo\                        ^jUQ00000000000000000000000000000000000000000000000000000000000000000000000000000000000000000000000000000000000000000000000QOI.                             :sg00R00RR000RR000000R00QQRQQ0QQQ000000000000000000000000000000000000000000000000000000000000000000000000R00R000000QRe_                               =40MRRRRRRRR00Q0Q0RX" tWQ000000000000000000000000000000000000000
000000000000000000000000000000000000000000000000000000000000000000000000QR0R$2^ .   .                         .{YQ0Q0R0000000000000000000000000000000000000000000000000000000000000000000000000000000000000000000000000000000000000000QQQUt`                            ,CdGNQQQQQQQQ00Q0RR0000QQNASyu#SkWQQ0R00000000000000000000000000000000000000000000000000000000000000000000R00R00QQMYhT/                                .|nYRQRRRR000000RQ8x )O000RR000000000000000000000000000000000000
0000000000000000000000000000000000000000000000000000000000000000000000000QRM0Wu  ...                            r8QQQ000000000000000000000000000000000000000000000000000000000000000000000000000000000000000000000000000000000000000000Q0RV<                            `LMMUYYkO$NNBR000RR000QD2l^`   .,x6BQQ0RR0000000000000000000000000000000000000000000000000000000000000000Q0QQR0QKF*<,                                     /pDR0RRRR0QQ0QDj`|hMRRRRR0000000000000000000000000000000RR000
0000000000000000000000000000000000000000000000000000000000000000000000000QRR0Rg                                 -[&QQQQRQ00000000000000000000000000000000000000000000000000000000000000000000000000000000000000000000000000000000000000R00M#`                          `.;uu<:,;;)xco&QQ0QQQQQA]_         '1O0000000000000000000000000000000000000000000000000000000000000000000000000Q&e'                                         ;fK0R0RR000RQm;_TBQR0000000000000000000000000000000R000R0000
000000000000000000000000000000000000000000000000000000000000000000000000000R0RF                                 ._)wb$A8D0000000000000000000000000000000000000000000000000000000000000000000000000000000000000000000000000000000000000RRRRQV<`                         .. _-        -t6#T4bkZ5v .. .. .     {AQ00000000000000000000000000000000000000000000000000000000000000000000000QAJ[%;  .                                     )6RRRRR000Q4> Ik00R0000000000000000000000000000000RMQQR000R
000000000000000000000000000000000000000000000000000000000000000000000000000QK5\                                     '=vzZQ000RQ0000000000000000000000000000000000000000000000000000000000000000000000000000000000000000000000000000000R0RRQk*.                                           '=^:               :g0000000000000000000000000000000000000000000000000000000000000000000000000QQQ@kp};.                                   ..tURRR00RQA% vk00RRRR00000000000000000000000R000000H@$OkKQK
000000000000000000000000000000000000000000000000000000000000000000000000Q0RU[. `                                   .<2&MRR0R000000000000000000000000000000000000000000000000000000000000000000000000000000000000000000000000000000000000RRQ@a.                            -_`.            .`              . _FRQ000000000000000000000000000000000000000000000000000000000000000000000000000RQRZl.                                  `'!$Q00000Ke ^XQ0RRR00000000000000000000000RQRQQQQQQI)^:,voc
000000000000000000000000000000000000000000000000000000000000000000000000M0$!                                     -%VBQQ0RR000R0000000000000000000000000000000000000000000000000000000000000000000000000000000000000000000000000000R00R00RR00h<`.                       `__lSY3)            =>"_             <VR0000000000000000000000000000000000000000000000000000000000000000000000000R00MRQQ2; ..                              .,cF$$RMQQRy'_yR0RRR00R00R00000000RRR000QRQQQR@PdneT61:     `
00000000000000000000000000000000000000000000000000000000000000000000000RWRX                                     `rYQQMRRRR0000000000000000000000000000000000000000000000000000000000000000000000000000000000000000000000000000000000R0000R0Rq|.                        _^_.)J4j,            =\:            `uDQ0000000000000000000000000000000000000000000000000000000000000000000000000000R0QQG%.                                ` .:"i}tCPp= #W0RRR0RR000R0MR0QQQQQQQ0WBKk4q3s>,:   .-     .`
00000000000000000000000000000000000000000000000000000000000000000000000RW0Us`                                    /6Q00RRRRR000000000000000000000000000000000000000000000000000000000000000000000000000000000000000000000000000000000R0QQQQQM5\`                              -/'              ,^.         ,L@Q00000000000000000000000000000000000000000000000000000000000000000000000000R00R0Q0Ke-                                         -` l@QMR00QQQQQQQQQ0BH@O46fL*v)/;.     .            
0000000000000000000000000000000000000000000000000000000000000000000000000RNBy)                                   `?@Q0000RR0000000000000000000000000000000000000000000000000000000000000000000000000000000000000000000000000000000000MY#tyVqo|`                                               ^!t>'   ``"[dWQ000000000000000000000000000000000000000000000000000000000000000000000000000000R00RQV|                                     .   .  c@QQQQQ0B@$YP6fo1v)=:.                           
0000000000000000000000000000000000000000000000000000000000000000000000000RRRMgv/                                  \EQ000000000000000000000000000000000000000000000000000000000000000000000000000000000000000000000000000000000000000Wgl   `  .                                                 "#P4wa7wqkMQQ000000000000000000000000000000000000000000000000000000000000000000000000000000000000R2,  .                                 .`..    rFVJj1?v"/:`                                    
0000000000000000000000000000000000000000000000000000000000000000000000000RQRN0b[                                  ,pQ00000000000000000000000000000000000000000000000000000000000000000000000000000000000000000000000000000000000R000Rgx  .`                                                     `{X0QMRQQ00RR000000000000000000000000000000000000000000000000000000000000000000000000000000000RRQR#^`.                          ..;)c^`':+:.  .                                            .`.-
00000000000000000000000000000000000000000000000000000000000000000000000000R0RQHz                                . :CRQQ0000000000000000000000000000000000000000000000000000000000000000000000000000000000000000000000000000000000R000Gl                                                           ;z8QRR00000000000000000000000000000000000000000000000000000000000000000000000000000000000000RR0QB3=                          _{lief#yl...                   .                         `:+1SgE
0000000000000000000000000000000000000000000000000000000000000000000000000R00RQDT                                . 'LBQQ0000000000000000000000000000000000000000000000000000000000000000000000000000000000000000000000000000000000R000NPe;                                                           iSWQRR000R0000000000000000000000000000000000000000000000000000000000000000000000000000000000R0QNy:                     . ._:=')Ln]r:                                .:/"%[#755F55FFXbA$0QQQ
00000000000000000000000000000000000000000000000000000000000000000000000000000RN5-.                                _uBQ000000000000000000000000000000000000000000000000000000000000000000000000000000000000000000000000000000000R00R0RMQU1-                                  _`                    .  `]kRRR000000000000000000000000000000000000000000000000000000000000000000000000000000000000QRUZWQ5|.                         ..  .                  .        -+|%IoJqP8UDWNMQQQQQQQQQQQ0000
0000000000000000000000000000000000000000Q0000000000000000000000RRR000000QRN00R0kx                                 iY000Q0000000000000000000000000000000000000000000000000000000000000000000000000000000000000000000000000000000000000000dv.                                ./!7*)/;:;^_             . |VRRR000000000000000000000000000000000000000000000000000000000000000000000000000000000000D#\;s2Za_                                                    .|xIn4&8BMQRQQ0Q0RRM00Q0QRQ00000000
00000000000000000000RRRRRRRRRR00QQQQQQQQN00RQQ000QQ00000R0000RRRRRR000000RMRQRQNf,                             .`ihMR0R00000000000000000000000000000000000000000000000000000000000000000000000000000000000000000000000000000000000000Q0QMYo,  .                              =ekB@8&&APgw1r|'.       ^7A0RR00000000000000000000000000000000000000000000000000000000000000000000000000000000R00QS" .  :`                                                 :romEUNQQQQ0000000R0RR00R00000000000000
000000000000000000R0RQRQQQR0RR0Q00RMHDUdTyhPGmyqgkKBM00Q000R0RRRRRR00000R00000QQ8yc^?r.                     ',>aLEQR00R000000000000000000000000000000000000000000000000000000000000000000000000000000000000000000000000000000000000000000Q&o,                                  )dNMQQQQQQ0W&PqT[c"^<[gB0RR000000000000000000000000000000000000000000000000000000000000000000000000000000R00000Da_                                                     .vhWQQQQQQ0000000000000000000000000000000
000000000000000000RQ0W&44VEVdhSFwfwfJol;'_+<";-=iIjy64Y8WMRMQQ0QQQMMQQQQQQQMWH8gdde/?u;                 `;)!54YQQ0R0R00000000000000000000000000000000000000000000000000000000000000000000000000000000000000000000000000000000000000000000QQWgL*"`                               rOQ0RRRR00QQQQQQNK8KRQ000000000000000000000000000000000000000000000000000000000000000000000000000000000R0RQ0MQK]_ .                                               -^/[yU0M000RRRR000000000000000000000000000000
0000000000000000RRRWXzc"=+\""=;'__--`             _,'^<v!jwpShPbA$WHUGdm#Los%<^_`.                      .^r2@QQ00R0R000R0000000000000000000000000000000000000000000000000000000000000000000000000000000000000000000000000000000000000000000QQ0M&go+                             =dQ0RRRR000000000QQQ0RR00RR000000000000000000000000000000000000000000000000000000000000000000000000000000R00R0Rgc`                                               )gb8RQQQ0Q00R000000000000000000000000000000000
0000000000000000D0Dj\  `        ``   .                    .'`:"<xl*i>'.                                    `)SRQ000000000000000000000000000000000000000000000000000000000000000000000000000000000000000000000000000000000000000000000000000000QQQRhi                            :SQ0R00R00000000000R00000000000000000000000000000000000000000000000000000000000000000000000000000000000000000MQK[_                                            . .FMQQQQ0000R0R000000000000000000000000000000000
0000000000000000DRP. >)_ _"i>/_`                                                                             \mNQ00000R000000000000000000000000000000000000000000000000000000000000000000000000000000000000000000000000000000000RRRR00000000000RR0Rm"                           _uDQRR00000000000000000000000000000000000000000000000000000000000000000000000000000000000000000000000000R000RRQEi..                                         .   vA0M00000R0000000000000000000000000000000000000
0000000000000000M0ZeEd>lohADDAPEw7l) .  ':                                                                    ^#WQ0R0R0000000000000000000000000000000000000000000000000000000000000000000000000000000000000000000000000000000000RRRR0000000000000MQ@1` .                         lkQRRR000000000000000000000000000000000000000000000000000000000000000000000000000000000000000000000000000000RQWu,                                         .  :[G0R00R0RRRR000000000000000000000000000000000000
0000000000000000RRQQQD&@QQ0RR0QQQ@Ci  ^!Z&F7]c%%i|;:_.                                                         -xLbR0RR000000000000000000000000000000000000000000000000000000000000000000000000000000000000000000000000000000000RRRR0000000000R00R0Mq\                           vbQRRR0RRR00000000000000000000000000000000000000000000000000000000000000000000000000000000000000000000000R00RRQE\                                            jWQR0RRRRRRRR000000000000000000000000000000000000
000000000000000000000QQQQ0RRRR00K7__)t4RQQQQQMNDD@OEn1>^        .`..                                             xg00RR0000000000000000000000000000000000000000000000000000000000000000000000000000000000000000000000000000000000000000000000000Q00Qbr                           "SR0R000R00000000000000000000000000000000000000000000000000000000000000000000000000000000000000000000000000000Qks.                                           ^yW0RRRRRRR00000000000000000000000000000000000000
00000000000000000000000000000000MXwhKQQ000000QQQRQWg!x=:  .    _="|/:.                                     .   .!AQ0000000000000000000000000000000000000000000000000000000000000000000000000000000000000000000000000000000000000000000000000000RR0RW6"                           /g00R0000000000000000000000000000000000000000000000000000000000000000000000000000000000000000000000000000000000MH#%/-                                         /ERMRR0R0000000000000000000000000000000000000000
00000000000000000000000000000000RQQQQ0RR00000RRRRWOo; ^s1).'-   ......                                        _{AQM00RR000000000000000000000000000000000000000000000000000000000000000000000000000000000000000000000000000000000000000000000000RR0RM&#%:                         /S00R0000000000000000000000000000000000000000000000000000000000000000000000000000000000000000000000000000000000RQRNAgJ{=                                      .[80R0R00000000000000000000000000000000000000000
00000000000000000000000000000000R0R00R0R000000000RR@m3PMbc*me)`.`.   `.`.. .                                 `*AQ0NQRRR0000000000000000000000000000000000000000000000000000000000000000000000000000000000000000000000000000000000000000000000000000RQQUo'                        /SR00000000000000000000000000000000000000000000000000000000000000000000000000000000000000000000000000000000000R000QQQQR&5?\-                                   =4R0R000000000000000000000000000000000000000000
000000000000000000000000000000000000000000000000000QQQQRB8@m":.   ;=;'..                                     .rUQRR0RR0R0000000000000000000000000000000000000000000000000000000000000000000000000000000000000000000000000000000000000000000000000000QN5\.                       ^u$0000000000000000000000000000000000000000000000000000000000000000000000000000000000000000000000000000000000000000000RQRQR@o; .                                 pRQ0R00000000000000000000000000000000000000000
00000000000000000000000000000000000000000000000000000000NQD["xtuymbUkV2w7!v-                                . ^6QR00RRR0000000000000000000000000000000000000000000000000000000000000000000000000000000000000000000000000000000000000000000000000RRQ0Ga+                        >gBR00000000000000000000000000000000000000000000000000000000000000000000000000000000000000000000000000000000000000000000R0RRQHL:..                             .` yM0RR00000000000000000000000000000000000000000
00000000000000000000000000000000000000000000000000000000000W@W0QQQ0RQQQQQW@n;.                              . -[R0R000RR00000000000000000000000000000000000000000000000000000000000000000000000000000000000000000000000000000000000000000000000R00kL/                          \d000QRR000000000000000000000000000000000000000000000000000000000000000000000000000000000000000000000000000000000000000000R0RQ@?`                                 SNMR000000000000000000000000000000000000000000
0000000000000000000000000000000000000000000000000000000000R0Q0RRRRRRRRRR0MQAr-                                .v@QR0R0R0000000000000000000000000000000000000000000000000000000000000000000000000000000000000000000000000000000000RR00000000R0000RE%                            .)gM0000R000000000000000000000000000000000000000000000000000000000000000000000000000000000000000000000000000000000000000000RR0QOr`                                dNM00000000R0000000000000000000000000000000000
0000000000000000000000000000000000000000000000000000000000000000RRRRRRRRRRRd_`                                 ^hQ0R0Q00000000000000000000000000000000000000000000000000000000000000000000000000000000000000000000000000000000000RR0000R00000R0RS<                               >gQWM00000000000000000000000000000000000000000000000000000000000000000000000000000000000000000000000000000000000000000R00000QQu:                                VWM0000RRRRRR000000000000000000000000000000000
0000000000000000000000000000000000000000000000000000000000000000RRRRRRRRRRRd. `                                'TMQ00000000000000000000000000000000000000000000000000000000000000000000000000000000000000000000000000000000000000RR000000R0QRRQq=                                 rbRRR00000000000000000000000000000000000000000000000000000000000000000000000000000000000000000000000000000000000000000000QR0Mj'                                VWM0000RRRRR0000000000000000000000000000000000
0000000000000000000000000000000000000000000000000000000000000000RRRRRRRRRRRX)                                  .c&Q0Q000000000000000000000000000000000000000000000000000000000000000000000000000000000000000000000000000000000000RR000000RR00Rbl                                  'CW0R00000000000000000000000000000000000000000000000000000000000000000000000000000000000000000000000000000000000000000000RQQAr..                               VWM0000RRRRR0000000000000000000000000000000000