00000000000000000000000000000000000000000000000000000000000000000000000000000000000000000000000000000000000000000000000000000000000000000000000000000000000000000000000000000000000000000000000000000000000000000000000000000000000000000000000000000000000000000000000000000000000000000000000000000000000000000000000000000000000000000000000000000000000000000000000000000000000000000000000000000000000000000000000000000000000000000000000000000000000000000000000000000000000000000000000
00000000000000000000000000000000000000000000000000000000000000000000000000000000000000000000000000000000000000000000000000000000000000000000000000000000000000000000000000000000000000000000000000000000000000000000000000000000000000000000000000000000000000000000000000000000000000000000000000000000000000000000000000000000000000000000000000000000000000000000000000000000000000000000000000000000000000000000000000000000000000000000000000000000000000000000000000000000000000000000000
00000000000000000000000000000000000000000000000000000000000000000000000000000000000000000000000000000000000000000000000000000000000000000000000000000000000000000000000000000000000000000000000000000000000000000000000000000000000000000000000000000000000000000000000000000000000000000000000000000000000000000000000000000000000000000000000000000000000000000000000000000000000000000000000000000000000000000000000000000000000000000000000000000000000000000000000000000000000000000000000
00000000000000000000000000000000000000000000000000000000000000000000000000000000000000000000000000000000000000000000000000000000000000000000000000000000000000000000000000000000000000000000000000000000000000000000000000000000000000000000000000000000000000000000000000000000000000000000000000000000000000000000000000000000000000000000000000000000000000000000000000000000000000000000000000000000000000000000000000000000000000000000000000000000000000000000000000000000000000000000000
00000000000000000000000000000000000000000000000000000000000000000000000000000000000000000000000000000000000000000000000000000000000000000000000000000000000000000000000000000000000000000000000000000000000000000000000000000000000000000000000000000000000000000000000000000000000000000000000000000000000000000000000000000000000000000000000000000000000000000000000000000000000000000000000000000000000000000000000000000000000000000000000000000000000000000000000000000000000000000000000
00000000000000000000000000000000000000000000000000000000000000000000000000000000000000000000000000000000000000000000000000000000000000000000000000000000000000000000000000000000000000000000000000000000000000000000000000000000000000000000000000000000000000000000000000000000000000000000000000000000000000000000000000000000000000000000000000000000000000000000000000000000000000000000000000000000000000000000000000000000000000000000000000000000000000000000000000000000000000000000000
00000000000000000000000000000000000000000000000000000000000000000000000000000000000000000000000000000000000000000000000000000000000000000000000000000000000000000000000000000000000000000000000000000000000000000000000000000000000000000000000000000000000000000000000000000000000000000000000000000000000000000000000000000000000000000000000000000000000000000000000000000000000000000000000000000000000000000000000000000000000000000000000000000000000000000000000000000000000000000000000
00000000000000000000000000000000000000000000000000000000000000000000000000000000000000000000000000000000000000000000000000000000000000000000000000000000000000000000000000000000000000000000000000000000000000000000000000000000000000000000000000000000000000000000000000000000000000000000000000000000000000000000000000000000000000000000000000000000000000000000000000000000000000000000000000000000000000000000000000000000000000000000000000000000000000000000000000000000000000000000000
00000000000000000000000000000000000000000000000000000000000000000000000000000000000000000000000000000000000000000000000000000000000000000000000000000000000000000000000000000000000000000000000000000000000000000000000000000000000000000000000000000000000000000000000000000000000000000000000000000000000000000000000000000000000000000000000000000000000000000000000000000000000000000000000000000000000000000000000000000000000000000000000000000000000000000000000000000000000000000000000
00000000000000000000000000000000000000000000000000000000000000000000000000000000000000000000000000000000000000000000000000000000000000000000000000000000000000000000000000000000000000000000000000000000000000000000000000000000000000000000000000000000000000000000000000000000000000000000000000000000000000000000000000000000000000000000000000000000000000000000000000000000000000000000000000000000000000000000000000000000000000000000000000000000000000000000000000000000000000000000000
00000000000000000000000000000000000000000000000000000000000000000000000000000000000000000000000000000000000000000000000000000000000000000000000000000000000000000000000000000000000000000000000000000000000000000000000000000000000000000000000000000000000000000000000000000000000000000000000000000000000000000000000000000000000000000000000000000000000000000000000000000000000000000000000000000000000000000000000000000000000000000000000000000000000000000000000000000000000000000000000
00000000000000000000000000000000000000000000000000000000000000000000000000000000000000000000000000000000000000000000000000000000000000000000000000000000000000000000000000000000000000000000000000000000000000000000000000000000000000000000000000000000000000000000000000000000000000000000000000000000000000000000000000000000000000000000000000000000000000000000000000000000000000000000000000000000000000000000000000000000000000000000000000000000000000000000000000000000000000000000000
00000000000000000000000000000000000000000000000000000000000000000000000000000000000000000000000000000000000000000000000000000000000000000000000000000000000000000000000000000000000000000000000000000000000000000000000000000000000000000000000000000000000000000000000000000000000000000000000000000000000000000000000000000000000000000000000000000000000000000000000000000000000000000000000000000000000000000000000000000000000000000000000000000000000000000000000000000000000000000000000
00000000000000000000000000000000000000000000000000000000000000000000000000000000000000000000000000000000000000000000000000000000000000000000000000000000000000000000000000000000000000000000000000000000000000000000000000000000000000000000000000000000000000000000000000000000000000000000000000000000000000000000000000000000000000000000000000000000000000000000000000000000000000000000000000000000000000000000000000000000000000000000000000000000000000000000000000000000000000000000000
00000000000000000000000000000000000000000000000000000000000000000000000000000000000000000000000000000000000000000000000000000000000000000000000000000000000000000000000000000000000000000000000000000000000000000000000000000000000000000000000000000000000000000000000000000000000000000000000000000000000000000000000000000000000000000000000000000000000000000000000000000000000000000000000000000000000000000000000000000000000000000000000000000000000000000000000000000000000000000000000
00000000000000000000000000000000000000000000000000000000000000000000000000000000000000000000000000000000000000000000000000000000000000000000000000000000000000000000000000000000000000000000000000000000000000000000000000000000000000000000000000000000000000000000000000000000000000000000000000000000000000000000000000000000000000000000000000000000000000000000000000000000000000000000000000000000000000000000000000000000000000000000000000000000000000000000000000000000000000000000000
00000000000000000000000000000000000000000000000000000000000000000000000000000000000000000000000000000000000000000000000000000000000000000000000000000000000000000000000000000000000000000000000000000000000000000000000000000000000000000000000000000000000000000000000000000000000000000000000000000000000000000000000000000000000000000000000000000000000000000000000000000000000000000000000000000000000000000000000000000000000000000000000000000000000000000000000000000000000000000000000
00000000000000000000000000000000000000000000000000000000000000000000000000000000000000000000000000000000000000000000000000000000000000000000000000000000000000000000000000000000000000000000000000000000000000000000000000000000000000000000000000000000000000000000000000000000000000000000000000000000000000000000000000000000000000000000000000000000000000000000000000000000000000000000000000000000000000000000000000000000000000000000000000000000000000000000000000000000000000000000000
00000000000000000000000000000000000000000000000000000000000000000000000000000000000000000000000000000000000000000000000000000000000000000000000000000000000000000000000000000000000000000000000000000000000000000000000000000000000000000000000000000000000000000000000000000000000000000000000000000000000000000000000000000000000000000000000000000000000000000000000000000000000000000000000000000000000000000000000000000000000000000000000000000000000000000000000000000000000000000000000
00000000000000000000000000000000000000000000000000000000000000000000000000000000000000000000000000000000000000000000000000000000000000000000000000000000000000000000000000000000000000000000000000000000000000000000000000000000000000000000000000000000000000000000000000000000000000000000000000000000000000000000000000000000000000000000000000000000000000000000000000000000000000000000000000000000000000000000000000000000000000000000000000000000000000000000000000000000000000000000000
00000000000000000000000000000000000000000000000000000000000000000000000000000000000000000000000000000000000000000000000000000000000000000000000000000000000000000000000000000000000000000000000000000000000000000000000000000000000000000000000000000000000000000000000000000000000000000000000000000000000000000000000000000000000000000000000000000000000000000000000000000000000000000000000000000000000000000000000000000000000000000000000000000000000000000000000000000000000000000000000
00000000000000000000000000000000000000000000000000000000000000000000000000000000000000000000000000000000000000000000000000000000000000000000000000000000000000000000000000000000000000000000000000000000000000000000000000000000000000000000000000000000000000000000000000000000000000000000000000000000000000000000000000000000000000000000000000000000000000000000000000000000000000000000000000000000000000000000000000000000000000000000000000000000000000000000000000000000000000000000000
00000000000000000000000000000000000000000000000000000000000000000000000000000000000000000000000000000000000000000000000000000000000000000000000000000000000000000000000000000000000000000000000000000000000000000000000000000000000000000000000000000000000000000000000000000000000000000000000000000000000000000000000000000000000000000000000000000000000000000000000000000000000000000000000000000000000000000000000000000000000000000000000000000000000000000000000000000000000000000000000
00000000000000000000000000000000000000000000000000000000000000000000000000000000000000000000000000000000000000000000000000000000000000000000000000000000000000000000000000000000000000000000000000000000000000000000000000000000000000000000000000000000000000000000000000000000000000000000000000000000000000000000000000000000000000000000000000000000000000000000000000000000000000000000000000000000000000000000000000000000000000000000000000000000000000000000000000000000000000000000000
00000000000000000000000000000000000000000000000000000000000000000000000000000000000000000000000000000000000000000000000000000000000000000000000000000000000000000000000000000000000000000000000000000000000000000000000000000000000000000000000000000000000000000000000000000000000000000000000000000000000000000000000000000000000000000000000000000000000000000000000000000000000000000000000000000000000000000000000000000000000000000000000000000000000000000000000000000000000000000000000
00000000000000000000000000000000000000000000000000000000000000000000000000000000000000000000000000000000000000000000000000000000000000000000000000000000000000000000000000000000000000000000000000000000000000000000000000000000000000000000000000000000000000000000000000000000000000000000000000000000000000000000000000000000000000000000000000000000000000000000000000000000000000000000000000000000000000000000000000000000000000000000000000000000000000000000000000000000000000000000000
00000000000000000000000000000000000000000000000000000000000000000000000000000000000000000000000000000000000000000000000000000000000000000000000000000000000000000000000000000000000000000000000000000000000000000000000000000000000000000000000000000000000000000000000000000000000000000000000000000000000000000000000000000000000000000000000000000000000000000000000000000000000000000000000000000000000000000000000000000000000000000000000000000000000000000000000000000000000000000000000
00000000000000000000000000000000000000000000000000000000000000000000000000000000000000000000000000000000000000000000000000000000000000000000000000000000000000000000000000000000000000000000000000000000000000000000000000000000000000000000000000000000000000000000000000000000000000000000000000000000000000000000000000000000000000000000000000000000000000000000000000000000000000000000000000000000000000000000000000000000000000000000000000000000000000000000000000000000000000000000000
00000000000000000000000000000000000000000000000000000000000000000000000000000000000000000000000000000000000000000000000000000000000000000000000000000000000000000000000000000000000000000000000000000000000000000000000000000000000000000000000000000000000000000000000000000000000000000000000000000000000000000000000000000000000000000000000000000000000000000000000000000000000000000000000000000000000000000000000000000000000000000000000000000000000000000000000000000000000000000000000
00000000000000000000000000000000000000000000000000000000000000000000000000000000000000000000000000000000000000000000000000000000000000000000000000000000000000000000000000000000000000000000000000000000000000000000000000000000000000000000000000000000000000000000000000000000000000000000000000000000000000000000000000000000000000000000000000000000000000000000000000000000000000000000000000000000000000000000000000000000000000000000000000000000000000000000000000000000000000000000000
00000000000000000000000000000000000000000000000000000000000000000000000000000000000000000000000000000000000000000000000000000000000000000000000000000000000000000000000000000000000000000000000000000000000000000000000000000000000000000000000000000000000000000000000000000000000000000000000000000000000000000000000000000000000000000000000000000000000000000000000000000000000000000000000000000000000000000000000000000000000000000000000000000000000000000000000000000000000000000000000
00000000000000000000000000000000000000000000000000000000000000000000000000000000000000000000000000000000000000000000000000000000000000000000000000000000000000000000000000000000000000000000000000000000000000000000000000000000000000000000000000000000000000000000000000000000000000000000000000000000000000000000000000000000000000000000000000000000000000000000000000000000000000000000000000000000000000000000000000000000000000000000000000000000000000000000000000000000000000000000000
00000000000000000000000000000000000000000000000000000000000000000000000000000000000000000000000000000000000000000000000000000000000000000000000000000000000000000000000000000000000000000000000000000000000000000000000000000000000000000000000000000000000000000000000000000000000000000000000000000000000000000000000000000000000000000000000000000000000000000000000000000000000000000000000000000000000000000000000000000000000000000000000000000000000000000000000000000000000000000000000
00000000000000000000000000000000000000000000000000000000000000000000000000000000000000000000000000000000000000000000000000000000000000000000000000000000000000000000000000000000000000000000000000000000000000000000000000000000000000000000000000000000000000000000000000000000000000000000000000000000000000000000000000000000000000000000000000000000000000000000000000000000000000000000000000000000000000000000000000000000000000000000000000000000000000000000000000000000000000000000000
00000000000000000000000000000000000000000000000000000000000000000000000000000000000000000000000000000000000000000000000000000000000000000000000000000000000000000000000000000000000000000000000000000000000000000000000000000000000000000000000000000000000000000000000000000000000000000000000000000000000000000000000000000000000000000000000000000000000000000000000000000000000000000000000000000000000000000000000000000000000000000000000000000000000000000000000000000000000000000000000
00000000000000000000000000000000000000000000000000000000000000000000000000000000000000000000000000000000000000000000000000000000000000000000000000000000000000000000000000000000000000000000000000000000000000000000000000000000000000000000000000000000000000000000000000000000000000000000000000000000000000000000000000000000000000000000000000000000000000000000000000000000000000000000000000000000000000000000000000000000000000000000000000000000000000000000000000000000000000000000000
00000000000000000000000000000000000000000000000000000000000000000000000000000000000000000000000000000000000000000000000000000000000000000000000000000000000000000000000000000000000000000000000000000000000000000000000000000000000000000000000000000000000000000000000000000000000000000000000000000000000000000000000000000000000000000000000000000000000000000000000000000000000000000000000000000000000000000000000000000000000000000000000000000000000000000000000000000000000000000000000
00000000000000000000000000000000000000000000000000000000000000000000000000000000000000000000000000000000000000000000000000000000000000000000000000000000000000000000000000000000000000000000000000000000000000000000000000000000000000000000000000000000000000000000000000000000000000000000000000000000000000000000000000000000000000000000000000000000000000000000000000000000000000000000000000000000000000000000000000000000000000000000000000000000000000000000000000000000000000000000000
00000000000000000000000000000000000000000000000000000000000000000000000000000000000000000000000000000000000000000000000000000000000000000000000000000000000000000000000000000000000000000000000000000000000000000000000000000000000000000000000000000000000000000000000000000000000000000000000000000000000000000000000000000000000000000000000000000000000000000000000000000000000000000000000000000000000000000000000000000000000000000000000000000000000000000000000000000000000000000000000
00000000000000000000000000000000000000000000000000000000000000000000000000000000000000000000000000000000000000000000000000000000000000000000000000000000000000000000000000000000000000000000000000000000000000000000000000000000000000000000000000000000000000000000000000000000000000000000000000000000000000000000000000000000000000000000000000000000000000000000000000000000000000000000000000000000000000000000000000000000000000000000000000000000000000000000000000000000000000000000000
00000000000000000000000000000000000000000000000000000000000000000000000000000000000000000000000000000000000000000000000000000000000000000000000000000000000000000000000000000000000000000000000000000000000000000000000000000000000000000000000000000000000000000000000000000000000000000000000000000000000000000000000000000000000000000000000000000000000000000000000000000000000000000000000000000000000000000000000000000000000000000000000000000000000000000000000000000000000000000000000
00000000000000000000000000000000000000000000000000000000000000000000000000000000000000000000000000000000000000000000000000000000000000000000000000000000000000000000000000000000000000000000000000000000000000000000000000000000000000000000000000000000000000000000000000000000000000000000000000000000000000000000000000000000000000000000000000000000000000000000000000000000000000000000000000000000000000000000000000000000000000000000000000000000000000000000000000000000000000000000000
00000000000000000000000000000000000000000000000000000000000000000000000000000000000000000000000000000000000000000000000000000000000000000000000000000000000000000000000000000000000000000000000000000000000000000000000000000000000000000000000000000000000000000000000000000000000000000000000000000000000000000000000000000000000000000000000000000000000000000000000000000000000000000000000000000000000000000000000000000000000000000000000000000000000000000000000000000000000000000000000
00000000000000000000000000000000000000000000000000000000000000000000000000000000000000000000000000000000000000000000000000000000000000000000000000000000000000000000000000000000000000000000000000000000000000000000000000000000000000000000000000000000000000000000000000000000000000000000000000000000000000000000000000000000000000000000000000000000000000000000000000000000000000000000000000000000000000000000000000000000000000000000000000000000000000000000000000000000000000000000000
00000000000000000000000000000000000000000000000000000000000000000000000000000000000000000000000000000000000000000000000000000000000000000000000000000000000000000000000000000000000000000000000000000000000000000000000000000000000000000000000000000000000000000000000000000000000000000000000000000000000000000000000000000000000000000000000000000000000000000000000000000000000000000000000000000000000000000000000000000000000000000000000000000000000000000000000000000000000000000000000
00000000000000000000000000000000000000000000000000000000000000000000000000000000000000000000000000000000000000000000000000000000000000000000000000000000000000000000000000000000000000000000000000000000000000000000000000000000000000000000000000000000000000000000000000000000000000000000000000000000000000000000000000000000000000000000000000000000000000000000000000000000000000000000000000000000000000000000000000000000000000000000000000000000000000000000000000000000000000000000000
00000000000000000000000000000000000000000000000000000000000000000000000000000000000000000000000000000000000000000000000000000000000000000000000000000000000000000000000000000000000000000000000000000000000000000000000000000000000000000000000000000000000000000000000000000000000000000000000000000000000000000000000000000000000000000000000000000000000000000000000000000000000000000000000000000000000000000000000000000000000000000000000000000000000000000000000000000000000000000000000
00000000000000000000000000000000000000000000000000000000000000000000000000000000000000000000000000000000000000000000000000000000000000000000000000000000000000000000000000000000000000000000000000000000000000000000000000000000000000000000000000000000000000000000000000000000000000000000000000000000000000000000000000000000000000000000000000000000000000000000000000000000000000000000000000000000000000000000000000000000000000000000000000000000000000000000000000000000000000000000000
00000000000000000000000000000000000000000000000000000000000000000000000000000000000000000000000000000000000000000000000000000000000000000000000000000000000000000000000000000000000000000000000000000000000000000000000000000000000000000000000000000000000000000000000000000000000000000000000000000000000000000000000000000000000000000000000000000000000000000000000000000000000000000000000000000000000000000000000000000000000000000000000000000000000000000000000000000000000000000000000
00000000000000000000000000000000000000000000000000000000000000000000000000000000000000000000000000000000000000000000000000000000000000000000000000000000000000000000000000000000000000000000000000000000000000000000000000000000000000000000000000000000000000000000000000000000000000000000000000000000000000000000000000000000000000000000000000000000000000000000000000000000000000000000000000000000000000000000000000000000000000000000000000000000000000000000000000000000000000000000000
00000000000000000000000000000000000000000000000000000000000000000000000000000000000000000000000000000000000000000000000000000000000000000000000000000000000000000000000000000000000000000000000000000000000000000000000000000000000000000000000000000000000000000000000000000000000000000000000000000000000000000000000000000000000000000000000000000000000000000000000000000000000000000000000000000000000000000000000000000000000000000000000000000000000000000000000000000000000000000000000
00000000000000000000000000000000000000000000000000000000000000000000000000000000000000000000000000000000000000000000000000000000000000000000000000000000000000000000000000000000000000000000000000000000000000000000000000000000000000000000000000000000000000000000000000000000000000000000000000000000000000000000000000000000000000000000000000000000000000000000000000000000000000000000000000000000000000000000000000000000000000000000000000000000000000000000000000000000000000000000000
00000000000000000000000000000000000000000000000000000000000000000000000000000000000000000000000000000000000000000000000000000000000000000000000000000000000000000000000000000000000000000000000000000000000000000000000000000000000000000000000000000000000000000000000000000000000000000000000000000000000000000000000000000000000000000000000000000000000000000000000000000000000000000000000000000000000000000000000000000000000000000000000000000000000000000000000000000000000000000000000
00000000000000000000000000000000000000000000000000000000000000000000000000000000000000000000000000000000000000000000000000000000000000000000000000000000000000000000000000000000000000000000000000000000000000000000000000000000000000000000000000000000000000000000000000000000000000000000000000000000000000000000000000000000000000000000000000000000000000000000000000000000000000000000000000000000000000000000000000000000000000000000000000000000000000000000000000000000000000000000000
00000000000000000000000000000000000000000000000000000000000000000000000000000000000000000000000000000000000000000000000000000000000000000000000000000000000000000000000000000000000000000000000000000000000000000000000000000000000000000000000000000000000000000000000000000000000000000000000000000000000000000000000000000000000000000000000000000000000000000000000000000000000000000000000000000000000000000000000000000000000000000000000000000000000000000000000000000000000000000000000
00000000000000000000000000000000000000000000000000000000000000000000000000000000000000000000000000000000000000000000000000000000000000000000000000000000000000000000000000000000000000000000000000000000000000000000000000000000000000000000000000000000000000000000000000000000000000000000000000000000000000000000000000000000000000000000000000000000000000000000000000000000000000000000000000000000000000000000000000000000000000000000000000000000000000000000000000000000000000000000000
00000000000000000000000000000000000000000000000000000000000000000000000000000000000000000000000000000000000000000000000000000000000000000000000000000000000000000000000000000000000000000000000000000000000000000000000000000000000000000000000000000000000000000000000000000000000000000000000000000000000000000000000000000000000000000000000000000000000000000000000000000000000000000000000000000000000000000000000000000000000000000000000000000000000000000000000000000000000000000000000
00000000000000000000000000000000000000000000000000000000000000000000000000000000000000000000000000000000000000000000000000000000000000000000000000000000000000000000000000000000000000000000000000000000000000000000000000000000000000000000000000000000000000000000000000000000000000000000000000000000000000000000000000000000000000000000000000000000000000000000000000000000000000000000000000000000000000000000000000000000000000000000000000000000000000000000000000000000000000000000000
00000000000000000000000000000000000000000000000000000000000000000000000000000000000000000000000000000000000000000000000000000000000000000000000000000000000000000000000000000000000000000000000000000000000000000000000000000000000000000000000000000000000000000000000000000000000000000000000000000000000000000000000000000000000000000000000000000000000000000000000000000000000000000000000000000000000000000000000000000000000000000000000000000000000000000000000000000000000000000000000
00000000000000000000000000000000000000000000000000000000000000000000000000000000000000000000000000000000000000000000000000000000000000000000000000000000000000000000000000000000000000000000000000000000000000000000000000000000000000000000000000000000000000000000000000000000000000000000000000000000000000000000000000000000000000000000000000000000000000000000000000000000000000000000000000000000000000000000000000000000000000000000000000000000000000000000000000000000000000000000000
00000000000000000000000000000000000000000000000000000000000000000000000000000000000000000000000000000000000000000000000000000000000000000000000000000000000000000000000000000000000000000000000000000000000000000000000000000000000000000000000000000000000000000000000000000000000000000000000000000000000000000000000000000000000000000000000000000000000000000000000000000000000000000000000000000000000000000000000000000000000000000000000000000000000000000000000000000000000000000000000
00000000000000000000000000000000000000000000000000000000000000000000000000000000000000000000000000000000000000000000000000000000000000000000000000000000000000000000000000000000000000000000000000000000000000000000000000000000000000000000000000000000000000000000000000000000000000000000000000000000000000000000000000000000000000000000000000000000000000000000000000000000000000000000000000000000000000000000000000000000000000000000000000000000000000000000000000000000000000000000000
00000000000000000000000000000000000000000000000000000000000000000000000000000000000000000000000000000000000000000000000000000000000000000000000000000000000000000000000000000000000000000000000000000000000000000000000000000000000000000000000000000000000000000000000000000000000000000000000000000000000000000000000000000000000000000000000000000000000000000000000000000000000000000000000000000000000000000000000000000000000000000000000000000000000000000000000000000000000000000000000
00000000000000000000000000000000000000000000000000000000000000000000000000000000000000000000000000000000000000000000000000000000000000000000000000000000000000000000000000000000000000000000000000000000000000000000000000000000000000000000000000000000000000000000000000000000000000000000000000000000000000000000000000000000000000000000000000000000000000000000000000000000000000000000000000000000000000000000000000000000000000000000000000000000000000000000000000000000000000000000000
00000000000000000000000000000000000000000000000000000000000000000000000000000000000000000000000000000000000000000000000000000000000000000000000000000000000000000000000000000000000000000000000000000000000000000000000000000000000000000000000000000000000000000000000000000000000000000000000000000000000000000000000000000000000000000000000000000000000000000000000000000000000000000000000000000000000000000000000000000000000000000000000000000000000000000000000000000000000000000000000
00000000000000000000000000000000000000000000000000000000000000000000000000000000000000000000000000000000000000000000000000000000000000000000000000000000000000000000000000000000000000000000000000000000000000000000000000000000000000000000000000000000000000000000000000000000000000000000000000000000000000000000000000000000000000000000000000000000000000000000000000000000000000000000000000000000000000000000000000000000000000000000000000000000000000000000000000000000000000000000000
00000000000000000000000000000000000000000000000000000000000000000000000000000000000000000000000000000000000000000000000000000000000000000000000000000000000000000000000000000000000000000000000000000000000000000000000000000000000000000000000000000000000000000000000000000000000000000000000000000000000000000000000000000000000000000000000000000000000000000000000000000000000000000000000000000000000000000000000000000000000000000000000000000000000000000000000000000000000000000000000
00000000000000000000000000000000000000000000000000000000000000000000000000000000000000000000000000000000000000000000000000000000000000000000000000000000000000000000000000000000000000000000000000000000000000000000000000000000000000000000000000000000000000000000000000000000000000000000000000000000000000000000000000000000000000000000000000000000000000000000000000000000000000000000000000000000000000000000000000000000000000000000000000000000000000000000000000000000000000000000000
00000000000000000000000000000000000000000000000000000000000000000000000000000000000000000000000000000000000000000000000000000000000000000000000000000000000000000000000000000000000000000000000000000000000000000000000000000000000000000000000000000000000000000000000000000000000000000000000000000000000000000000000000000000000000000000000000000000000000000000000000000000000000000000000000000000000000000000000000000000000000000000000000000000000000000000000000000000000000000000000
00000000000000000000000000000000000000000000000000000000000000000000000000000000000000000000000000000000000000000000000000000000000000000000000000000000000000000000000000000000000000000000000000000000000000000000000000000000000000000000000000000000000000000000000000000000000000000000000000000000000000000000000000000000000000000000000000000000000000000000000000000000000000000000000000000000000000000000000000000000000000000000000000000000000000000000000000000000000000000000000
00000000000000000000000000000000000000000000000000000000000000000000000000000000000000000000000000000000000000000000000000000000000000000000000000000000000000000000000000000000000000000000000000000000000000000000000000000000000000000000000000000000000000000000000000000000000000000000000000000000000000000000000000000000000000000000000000000000000000000000000000000000000000000000000000000000000000000000000000000000000000000000000000000000000000000000000000000000000000000000000
00000000000000000000000000000000000000000000000000000000000000000000000000000000000000000000000000000000000000000000000000000000000000000000000000000000000000000000000000000000000000000000000000000000000000000000000000000000000000000000000000000000000000000000000000000000000000000000000000000000000000000000000000000000000000000000000000000000000000000000000000000000000000000000000000000000000000000000000000000000000000000000000000000000000000000000000000000000000000000000000
00000000000000000000000000000000000000000000000000000000000000000000000000000000000000000000000000000000000000000000000000000000000000000000000000000000000000000000000000000000000000000000000000000000000000000000000000000000000000000000000000000000000000000000000000000000000000000000000000000000000000000000000000000000000000000000000000000000000000000000000000000000000000000000000000000000000000000000000000000000000000000000000000000000000000000000000000000000000000000000000
00000000000000000000000000000000000000000000000000000000000000000000000000000000000000000000000000000000000000000000000000000000000000000000000000000000000000000000000000000000000000000000000000000000000000000000000000000000000000000000000000000000000000000000000000000000000000000000000000000000000000000000000000000000000000000000000000000000000000000000000000000000000000000000000000000000000000000000000000000000000000000000000000000000000000000000000000000000000000000000000
00000000000000000000000000000000000000000000000000000000000000000000000000000000000000000000000000000000000000000000000000000000000000000000000000000000000000000000000000000000000000000000000000000000000000000000000000000000000000000000000000000000000000000000000000000000000000000000000000000000000000000000000000000000000000000000000000000000000000000000000000000000000000000000000000000000000000000000000000000000000000000000000000000000000000000000000000000000000000000000000
00000000000000000000000000000000000000000000000000000000000000000000000000000000000000000000000000000000000000000000000000000000000000000000000000000000000000000000000000000000000000000000000000000000000000000000000000000000000000000000000000000000000000000000000000000000000000000000000000000000000000000000000000000000000000000000000000000000000000000000000000000000000000000000000000000000000000000000000000000000000000000000000000000000000000000000000000000000000000000000000
00000000000000000000000000000000000000000000000000000000000000000000000000000000000000000000000000000000000000000000000000000000000000000000000000000000000000000000000000000000000000000000000000000000000000000000000000000000000000000000000000000000000000000000000000000000000000000000000000000000000000000000000000000000000000000000000000000000000000000000000000000000000000000000000000000000000000000000000000000000000000000000000000000000000000000000000000000000000000000000000
00000000000000000000000000000000000000000000000000000000000000000000000000000000000000000000000000000000000000000000000000000000000000000000000000000000000000000000000000000000000000000000000000000000000000000000000000000000000000000000000000000000000000000000000000000000000000000000000000000000000000000000000000000000000000000000000000000000000000000000000000000000000000000000000000000000000000000000000000000000000000000000000000000000000000000000000000000000000000000000000
00000000000000000000000000000000000000000000000000000000000000000000000000000000000000000000000000000000000000000000000000000000000000000000000000000000000000000000000000000000000000000000000000000000000000000000000000000000000000000000000000000000000000000000000000000000000000000000000000000000000000000000000000000000000000000000000000000000000000000000000000000000000000000000000000000000000000000000000000000000000000000000000000000000000000000000000000000000000000000000000
00000000000000000000000000000000000000000000000000000000000000000000000000000000000000000000000000000000000000000000000000000000000000000000000000000000000000000000000000000000000000000000000000000000000000000000000000000000000000000000000000000000000000000000000000000000000000000000000000000000000000000000000000000000000000000000000000000000000000000000000000000000000000000000000000000000000000000000000000000000000000000000000000000000000000000000000000000000000000000000000
00000000000000000000000000000000000000000000000000000000000000000000000000000000000000000000000000000000000000000000000000000000000000000000000000000000000000000000000000000000000000000000000000000000000000000000000000000000000000000000000000000000000000000000000000000000000000000000000000000000000000000000000000000000000000000000000000000000000000000000000000000000000000000000000000000000000000000000000000000000000000000000000000000000000000000000000000000000000000000000000
00000000000000000000000000000000000000000000000000000000000000000000000000000000000000000000000000000000000000000000000000000000000000000000000000000000000000000000000000000000000000000000000000000000000000000000000000000000000000000000000000000000000000000000000000000000000000000000000000000000000000000000000000000000000000000000000000000000000000000000000000000000000000000000000000000000000000000000000000000000000000000000000000000000000000000000000000000000000000000000000
00000000000000000000000000000000000000000000000000000000000000000000000000000000000000000000000000000000000000000000000000000000000000000000000000000000000000000000000000000000000000000000000000000000000000000000000000000000000000000000000000000000000000000000000000000000000000000000000000000000000000000000000000000000000000000000000000000000000000000000000000000000000000000000000000000000000000000000000000000000000000000000000000000000000000000000000000000000000000000000000
00000000000000000000000000000000000000000000000000000000000000000000000000000000000000000000000000000000000000000000000000000000000000000000000000000000000000000000000000000000000000000000000000000000000000000000000000000000000000000000000000000000000000000000000000000000000000000000000000000000000000000000000000000000000000000000000000000000000000000000000000000000000000000000000000000000000000000000000000000000000000000000000000000000000000000000000000000000000000000000000
00000000000000000000000000000000000000000000000000000000000000000000000000000000000000000000000000000000000000000000000000000000000000000000000000000000000000000000000000000000000000000000000000000000000000000000000000000000000000000000000000000000000000000000000000000000000000000000000000000000000000000000000000000000000000000000000000000000000000000000000000000000000000000000000000000000000000000000000000000000000000000000000000000000000000000000000000000000000000000000000
00000000000000000000000000000000000000000000000000000000000000000000000000000000000000000000000000000000000000000000000000000000000000000000000000000000000000000000000000000000000000000000000000000000000000000000000000000000000000000000000000000000000000000000000000000000000000000000000000000000000000000000000000000000000000000000000000000000000000000000000000000000000000000000000000000000000000000000000000000000000000000000000000000000000000000000000000000000000000000000000
00000000000000000000000000000000000000000000000000000000000000000000000000000000000000000000000000000000000000000000000000000000000000000000000000000000000000000000000000000000000000000000000000000000000000000000000000000000000000000000000000000000000000000000000000000000000000000000000000000000000000000000000000000000000000000000000000000000000000000000000000000000000000000000000000000000000000000000000000000000000000000000000000000000000000000000000000000000000000000000000
00000000000000000000000000000000000000000000000000000000000000000000000000000000000000000000000000000000000000000000000000000000000000000000000000000000000000000000000000000000000000000000000000000000000000000000000000000000000000000000000000000000000000000000000000000000000000000000000000000000000000000000000000000000000000000000000000000000000000000000000000000000000000000000000000000000000000000000000000000000000000000000000000000000000000000000000000000000000000000000000
00000000000000000000000000000000000000000000000000000000000000000000000000000000000000000000000000000000000000000000000000000000000000000000000000000000000000000000000000000000000000000000000000000000000000000000000000000000000000000000000000000000000000000000000000000000000000000000000000000000000000000000000000000000000000000000000000000000000000000000000000000000000000000000000000000000000000000000000000000000000000000000000000000000000000000000000000000000000000000000000
00000000000000000000000000000000000000000000000000000000000000000000000000000000000000000000000000000000000000000000000000000000000000000000000000000000000000000000000000000000000000000000000000000000000000000000000000000000000000000000000000000000000000000000000000000000000000000000000000000000000000000000000000000000000000000000000000000000000000000000000000000000000000000000000000000000000000000000000000000000000000000000000000000000000000000000000000000000000000000000000
00000000000000000000000000000000000000000000000000000000000000000000000000000000000000000000000000000000000000000000000000000000000000000000000000000000000000000000000000000000000000000000000000000000000000000000000000000000000000000000000000000000000000000000000000000000000000000000000000000000000000000000000000000000000000000000000000000000000000000000000000000000000000000000000000000000000000000000000000000000000000000000000000000000000000000000000000000000000000000000000
00000000000000000000000000000000000000000000000000000000000000000000000000000000000000000000000000000000000000000000000000000000000000000000000000000000000000000000000000000000000000000000000000000000000000000000000000000000000000000000000000000000000000000000000000000000000000000000000000000000000000000000000000000000000000000000000000000000000000000000000000000000000000000000000000000000000000000000000000000000000000000000000000000000000000000000000000000000000000000000000
00000000000000000000000000000000000000000000000000000000000000000000000000000000000000000000000000000000000000000000000000000000000000000000000000000000000000000000000000000000000000000000000000000000000000000000000000000000000000000000000000000000000000000000000000000000000000000000000000000000000000000000000000000000000000000000000000000000000000000000000000000000000000000000000000000000000000000000000000000000000000000000000000000000000000000000000000000000000000000000000
00000000000000000000000000000000000000000000000000000000000000000000000000000000000000000000000000000000000000000000000000000000000000000000000000000000000000000000000000000000000000000000000000000000000000000000000000000000000000000000000000000000000000000000000000000000000000000000000000000000000000000000000000000000000000000000000000000000000000000000000000000000000000000000000000000000000000000000000000000000000000000000000000000000000000000000000000000000000000000000000
00000000000000000000000000000000000000000000000000000000000000000000000000000000000000000000000000000000000000000000000000000000000000000000000000000000000000000000000000000000000000000000000000000000000000000000000000000000000000000000000000000000000000000000000000000000000000000000000000000000000000000000000000000000000000000000000000000000000000000000000000000000000000000000000000000000000000000000000000000000000000000000000000000000000000000000000000000000000000000000000
00000000000000000000000000000000000000000000000000000000000000000000000000000000000000000000000000000000000000000000000000000000000000000000000000000000000000000000000000000000000000000000000000000000000000000000000000000000000000000000000000000000000000000000000000000000000000000000000000000000000000000000000000000000000000000000000000000000000000000000000000000000000000000000000000000000000000000000000000000000000000000000000000000000000000000000000000000000000000000000000
00000000000000000000000000000000000000000000000000000000000000000000000000000000000000000000000000000000000000000000000000000000000000000000000000000000000000000000000000000000000000000000000000000000000000000000000000000000000000000000000000000000000000000000000000000000000000000000000000000000000000000000000000000000000000000000000000000000000000000000000000000000000000000000000000000000000000000000000000000000000000000000000000000000000000000000000000000000000000000000000
00000000000000000000000000000000000000000000000000000000000000000000000000000000000000000000000000000000000000000000000000000000000000000000000000000000000000000000000000000000000000000000000000000000000000000000000000000000000000000000000000000000000000000000000000000000000000000000000000000000000000000000000000000000000000000000000000000000000000000000000000000000000000000000000000000000000000000000000000000000000000000000000000000000000000000000000000000000000000000000000
00000000000000000000000000000000000000000000000000000000000000000000000000000000000000000000000000000000000000000000000000000000000000000000000000000000000000000000000000000000000000000000000000000000000000000000000000000000000000000000000000000000000000000000000000000000000000000000000000000000000000000000000000000000000000000000000000000000000000000000000000000000000000000000000000000000000000000000000000000000000000000000000000000000000000000000000000000000000000000000000
00000000000000000000000000000000000000000000000000000000000000000000000000000000000000000000000000000000000000000000000000000000000000000000000000000000000000000000000000000000000000000000000000000000000000000000000000000000000000000000000000000000000000000000000000000000000000000000000000000000000000000000000000000000000000000000000000000000000000000000000000000000000000000000000000000000000000000000000000000000000000000000000000000000000000000000000000000000000000000000000
00000000000000000000000000000000000000000000000000000000000000000000000000000000000000000000000000000000000000000000000000000000000000000000000000000000000000000000000000000000000000000000000000000000000000000000000000000000000000000000000000000000000000000000000000000000000000000000000000000000000000000000000000000000000000000000000000000000000000000000000000000000000000000000000000000000000000000000000000000000000000000000000000000000000000000000000000000000000000000000000
00000000000000000000000000000000000000000000000000000000000000000000000000000000000000000000000000000000000000000000000000000000000000000000000000000000000000000000000000000000000000000000000000000000000000000000000000000000000000000000000000000000000000000000000000000000000000000000000000000000000000000000000000000000000000000000000000000000000000000000000000000000000000000000000000000000000000000000000000000000000000000000000000000000000000000000000000000000000000000000000
00000000000000000000000000000000000000000000000000000000000000000000000000000000000000000000000000000000000000000000000000000000000000000000000000000000000000000000000000000000000000000000000000000000000000000000000000000000000000000000000000000000000000000000000000000000000000000000000000000000000000000000000000000000000000000000000000000000000000000000000000000000000000000000000000000000000000000000000000000000000000000000000000000000000000000000000000000000000000000000000
00000000000000000000000000000000000000000000000000000000000000000000000000000000000000000000000000000000000000000000000000000000000000000000000000000000000000000000000000000000000000000000000000000000000000000000000000000000000000000000000000000000000000000000000000000000000000000000000000000000000000000000000000000000000000000000000000000000000000000000000000000000000000000000000000000000000000000000000000000000000000000000000000000000000000000000000000000000000000000000000
00000000000000000000000000000000000000000000000000000000000000000000000000000000000000000000000000000000000000000000000000000000000000000000000000000000000000000000000000000000000000000000000000000000000000000000000000000000000000000000000000000000000000000000000000000000000000000000000000000000000000000000000000000000000000000000000000000000000000000000000000000000000000000000000000000000000000000000000000000000000000000000000000000000000000000000000000000000000000000000000
00000000000000000000000000000000000000000000000000000000000000000000000000000000000000000000000000000000000000000000000000000000000000000000000000000000000000000000000000000000000000000000000000000000000000000000000000000000000000000000000000000000000000000000000000000000000000000000000000000000000000000000000000000000000000000000000000000000000000000000000000000000000000000000000000000000000000000000000000000000000000000000000000000000000000000000000000000000000000000000000
00000000000000000000000000000000000000000000000000000000000000000000000000000000000000000000000000000000000000000000000000000000000000000000000000000000000000000000000000000000000000000000000000000000000000000000000000000000000000000000000000000000000000000000000000000000000000000000000000000000000000000000000000000000000000000000000000000000000000000000000000000000000000000000000000000000000000000000000000000000000000000000000000000000000000000000000000000000000000000000000
00000000000000000000000000000000000000000000000000000000000000000000000000000000000000000000000000000000000000000000000000000000000000000000000000000000000000000000000000000000000000000000000000000000000000000000000000000000000000000000000000000000000000000000000000000000000000000000000000000000000000000000000000000000000000000000000000000000000000000000000000000000000000000000000000000000000000000000000000000000000000000000000000000000000000000000000000000000000000000000000
00000000000000000000000000000000000000000000000000000000000000000000000000000000000000000000000000000000000000000000000000000000000000000000000000000000000000000000000000000000000000000000000000000000000000000000000000000000000000000000000000000000000000000000000000000000000000000000000000000000000000000000000000000000000000000000000000000000000000000000000000000000000000000000000000000000000R00000000000000000000000000000000000000000000000000000000000000000000000000000000000
00000000000000000000000000000000000000000000000000000000000000000000000000000000000000000000000000000000000000000000000000000000000000000000000000000000000000000000000000000000000000000000000000000000000000000000000000000000000000000000000000000000000000000000000000000000000000000000000000000000000000000000000000000000000000000000000000000000000000000000000000000000000000000000000000000000R000R0000000000000000000000000000000000000000000000000000000000000000000000000000000000
00000000000000000000000000000000000000000000000000000000000000000000000000000000000000000000000000000000000000000000000000000000000000000000000000000000000000000000000000000000000000000000000000000000000000000000000000000000000000000000000RR000000000000000000000000000000000000000000000000000000000000000000000000000000000000000000000000000000000000000000000000000000000000000000000000000000Q0QQQQ0000000000000000000000000000000000000000000000000000000000000000000000000000000000
0000000000000000000000000000000000000000000000000000000000000000000000000000000000000000000000000000000000000000000000000000000000000000000000000000000000000000000000000000000000000000000000000000000000000000000000000000000000000000000000000RR0QQQ0000000000000000000000000000000000000000000000000000000000000000000000000000000000000000000000000000000000000000000000000000000000000000000000000QRBBMQ000000000000000000000000000000000000000000000000000000000000000000000000000000000
00000000000000000000000000000000000000000000000000000000000000000000000000000000000000000000000000000000000000000000000000000000000000000000000000000000000000000000000000000000000000000000000000000000000000000000000000000000000000000000000000QQDk@0MNNRRRR00000000000000000000000000000000000000000000000000000000000000000000000000000000000000000000000000000000000000000000000000000000000R0000QMhs|ab00R000000000000000000000000000000000000000000000000000Q00000000000000000000000000
000000000000000000000000000000000000000000000000000000000000000000000000000000000000000000000000000000000000000000000000000000000000000000000000000000000000000000000000000000000000000000000000000000000000000000000000000000000000000000000000NAPKAzqKyC$RMRR00000000000000000000000000000000000000000000000000000000000000000000000000000000000000000000000000000000000000000000000000000000R0000QQ00MKh{.|gM000R00000000000000000000000000000000000000000000R00Q0Q0Q00000R00000000000000000
0000000000000000000000000000000000000000000000000000000000000000000000000000000000000000000000000000000000000000000000000000000000000000000000000000000000000000000000000000000000000000000000000000000000000000000000000000000000000000000000RRRKmaIi%saZRRRR000000000000000000000000000000000000000000000000000000000000000000000000000000000000000000000000000000000000000000000000000000000000000RRRM0QA* ?$00QR0000000000000000000000000000000000000000000000Qk7#&0RQ000R00000000000000000
00000000000000000000000000000000000000000000000000000000000000000000000000000000000000000000000000000000000000000000000000000000000000000000000000000000000000000000000000000000000000000000000000000000000000000000000000000000000000000000000MUYmv    "o6bHN00000000000000000000000000000000000000000000000000000000000000000000000000000000000000000000000000000000000000000000000000000000000000RRRRRKYD#-<Y0QRR0R00R0000R000000000000000000000000000000000R0Q8* .5RWMQ00R00000000000000000
000000000000000000000000000000000000000000000000000000000000000000000000000000000000000R0000000R000000000000000000000000000000000000000000000000000000000000000000000000000000000000000000000000000000000000000000000000000000000000000000000RRBAg6o/  .chKMRRR0RR0000R000000000000000000000000000000000000000000000000000000000000000000000000000000000000000000000000000000000000000000000000R00R0000RQSiv".=gDR0QQ000000R0RRR000000000000000000000000R00R00R0QDt`'TW0RRQ00000000000000000000
00000000000000000000000000000000000000000000000000000000000000000000000000000000000000000QQRRRR000000000000000000000000000000000000000000000000000000000000000000000000000000000000000000000000000000000000000000000000000000000000000000000Q000QQkz^ ..-<e4DQQQ000000000RRRRRR0000000000000000000000000000000000000000000000000000000000000000000000000000000000000000000000000000000000000000000000RRQ0Y7,   ^vembWQQQQ00R0000000000000000000000000000R0R000Q0Qw_'TM0Q00Q00000000000000000000
000000000000000000000000000000000000000000000000000000000000000000000000000000000000000R00H00RRR00000000000000000000000000000000000000000000000000000000000000000000000000000000000000000000000000000000000000000000000000000000000000000000QQQQ@C|  .  .  `)TbNQQQ000000RRRRRR00000000000000000000000000000000000000000000000000000000000000000000000000000000000000000000000000000000000000000000Q0RQBy)... .   ._vt5$QQRQQ0Q00R0QQ000000000000000000000R0RM0QE=`uBR00RR00R000000000000000000
000000000000000000000000000000000000000000000000000000000000000000000000000000000000RQQQMplaq800000R00R0000000000000000000000000000000000000000000000000000000000000000000000000000000000000000000000000000000000000000000000000000000000000QQDgc             ;{m8NQ00RRRR0R0RR00000000000000000000000000000000000000000000000000000000000000000000000000000000000000000000000000000000000000000R000QQYI_`.            \}wbKWQQQQQRWNQQ0000000000000000000R0RRQ4< eKQ0RRR0000000000000000000000
000000000000000000000000000000000000000000000000000000000000000000000000000000000Q00MXjyj: |y@QB000R00R000000000000000000000000000000000000000000000000000000000000000000000000000000000000000000000000000000000000000000000000R00R000000000Rg?'                ./tgWQQ0QQQNM00000000000000000000000000000000000000000000000000000000000000000000000000000000000000000000000000000000000000000R0R0RQBJ)                   ^xeS$B$6r>lfD000000000000000000RR00QG< cBQQQ0000000000000000000000000
000000000000000000000000000000000000000000000000000000000000000000000000000000000000RAv  . _s2AH00R00R00000000000000000000000000000000000000000000000000000000000000000000000000000000000000000000000000000000000000000000000000000000QQRRQWf+                     :[45oT5qARRRRR0000000000000000000000000000000000000000000000000000000000000000000000000000000000000000000000000000000000000000RQ&!``.    .                -/<+.   _CMQ0000RR000000000RMR0QOl <XQ0000000000000000000000000000
000000000000000000000000000000000000000000000000000000000000000000000000000000000000QQE_ .   :!dDQQR000R000000000000000000000000000000000000000000000000000000000000000000000000000000000000000000000000000000000000000000000000000QRWBUEFT*:                       .'`   "2DRR000000000000000000000000000000000000000000000000000000000000000000000000000000000000000000000000000000000000QQQRQQQA*. .                           .  ^wM000000R0000000000N0QU} /hDQ0000000000000000000000000000
0000000000000000000000000000000000000000000000000000000000000000000000000000000000RQRh\-      `/!VKRQ00Q000000000000000000000000000000000000000000000000000000000000000000000000000000000000000000000000000000000000000000000000000Q@T>;`                               .*GM0Q000000000000000000000000000000000000000000000000000000000000000000000000000000000000000000000000000000000R000QQQRmfj>                                 lgWRR0R0000000000000R0QDe +hR0000R0000000000000000000000000
000000000000000000000000000000000000000000000000000000000000000000000000000000000000B2}+         ^aAWQ000000000000000000000000000000000000000000000000000000000000000000000000000000000000000000000000000000000000000000000000000000NP7+                               _t&Q0R0000000000000000000000000000000000000000000000000000000000000000000000000000000000000000000000000000000000Q0008nJY5\ ..                             '.^XQDRRRRR0000000000000QNC.,60R000R00000000000000000000000000
0000000000000000000000000000000000000000000000000000000000000000000000000000000QQR@p{";.          idN00000000000000000000000000000000000000000000000000000000000000000000000000000000000000000000000000000000000000000000000000000000QQG?,                             /SQQ00000000000000000000000000000000000000000000000000000000000000000000000000000000000000000000000000000000000Q000QE\ :t!^ .                             ` \$QR0RRRRRR00000000000Ny':5000R00R00000000000000000000000000
000000000000000000000000000000000000000000000000000000000000000000000000R000QQQBg[|             `\5WQRQ00000000R00000000000000000000000000000000000000000000000000000000000000000000000000000000000000000000000000000000000000000000QR0QK7_ .                          .<pWQ0RR0000000000000000000000000000000000000000000000000000000000000000000000000000000000000000000000000000000QQR0MHpl;   .                                 \n&0RR00RR0000R0000QQh+ oBQ000R0000000000000000000000000000
00000000000000000000000000000000000000000000000000000000000000000RR00000RRRQMkCv.    .          -chWMQ0000000RR000000000000000000000000000000000000000000000000000000000000000000000000000000000000000000000000000000000000000000000000Q8[-                              \40RRRR000000000000000000000000000000000000000000000000000000000000000000000000000000000000000000000000000000QQ000RNBkj|`..                                  <GMR00RR00000Q0RQQE< ?U00RRR00000000000000000000000000000
000000000000000000000000000000000000000000000000000000000000000000QQQQQQQQH2c:                    :tdWQQQQ0R0000000000000000000000000000000000000000000000000000000000000000000000000000000000000000000000000000000000000000000000R000004< ..                            `wRRMR00000000000000000000000000000000000000000000000000000000000000000000000000000000000000000000000000000000R00RQMRQQ8!` .                                  sZRRRR0000000R0QYc *kQ0RRRR00000000000000000000000000000
0000000000000000000000000000000000000000000000000000000000000000Q08SyyEBk#\                        ./jXKNQQQQQQ000000000000000000000000000000000000000000000000000000000000000000000000000000000000000000000000000000000000000000000Q0Q0g\ ..                            IA0RRRR000000000000000000000000000000000000000000000000000000000000000000000000000000000000000000000000000000000R000Q0QQ[` ..                                .`fMM0R000Q0000Qk? )kR00000000000000000000000000000000000
000000000000000000000000000000000000000000000000000000000000000R$f|.  :v^.                           `'\ltF$00MQ0000000000000000000000000000000000000000000000000000000000000000000000000000000000000000000000000000000000000000000000Q0F^                             ^{hBMRRR0R0000000000000000000000000000000000000000000000000000000000000000000000000000000000000000000000000000000000000QQH{. .                                  .TMMR0R0000QRQ${ \V0Q00000000000000000000000000000000000
000000000000000000000000000000000000000000000000000000000000000Mgi  ._`  .                                 /}Iu8R00R000000000000000000000000000000000000000000000000000000000000000000000000000000000000000000000000000000000000000Q00QWJ:                          .=7Y8UWRRRRRRR0000000000000000000000000000000000000000000000000000000000000000000000000000000000000000000000000000000000000Q8x. .                                  .#MM0R000Q00QBa \hMQ000000000000000000000000000000000000
0000000000000000000000000000000000000000000000000000000000000000RH2^  .                                     '{6@000R000000000000000000000000000000000000000000000000000000000000000000000000000000000000000000000000000000000000000Q00Q@e-                          ^TKQQQ0000RRR000R0000000000000000000000000000000000000000000000000000000000000000000000000000000000000000000000000000000000QHr. .                                  ?80R0000Q0RQBo`=2M000R0000000000000000000000000000000000
000000000000000000000000000000000000000000000000000000000000000R0QMp" .                                 . 'sgMQQ00RR00R000000000000000000000000000000000000000000000000000000000000000000000000000000000000000000000000000000000000Q00Q&{                        .. :zUQRRQ0RMMRR0000000000000000000000000000000000000000000000000000000000000000000000000000000000000000000000000000000000000000u_ `                               --^b00R00Q000QMJ-`CN00RR0R000000000000000000000000000000000
0000000000000000000000000000000000000000000000000000000000000000RR0Wg: .                                ./7UQRR000000000000000000000000000000000000000000000000000000000000000000000000000000000000000000000000000000000000000000R0Q00QP)                        `+>|e&NN000RRRRR0QQ00000000000000000000000000000000000000000000000000000000000000000000000000000000000000000000000000000000000RQA*`  .                             :thD00RR0R00QM2:.jW0RRR000000000000000000000000000000000000
0000000000000000000000000000000000000000000000000000000000000000RRR0E=                                  .cXRQR000000000000000000000000000000000000000000000000000000000000000000000000000000000000000000000000000000000000000000000000Qg%`  .                     -tyCbBW0QQQQQQW8YkHRQQ0RRR0R0000000000000000000000000000000000000000000000000000000000000000000000000000000000000000000000000R0Qd<  .                             :TDR0R000000Qg" I8RRRR0000R00000000000000000000000000000000
0000000000000000000000000000000000000000000000000000000000000000000Ar`                                  .`sYQ000000000000000000000000000000000000000000000000000000000000000000000000000000000000000000000000000000000000000000RR00000RUm[^                        -vTXHWYh4GOHMb7>+\c1q$R00R000000000000000000000000000000000000000000000000000000000000000000000000000000000000000000000000000R0W#;..                             {bMQQQR0QQQQg> sAQRRRR0000000000000000000000000000000000000
000000000000000000000000000000000000000000000000000000000000000000O?                                    . `1KQ00000000000000000000000000000000000000000000000000000000000000000000000000000000000000000000000000000000000000000000R0Q0WHMk{.                          '|<; ._=\li'     -\uA0QQ00000000000RR0QQQQ000000000000000000000000000000000000000000000000000000000000000000000000000000000RQWw:                          -"?_]MMNRMW0HOpmv`)X000QQQQQQQQQQQQQQQQQQQQQQQ0R000000Q0QQQQQQQ
000000000000000000000000000000000000000000000000000000000000000RMM3                                       .:nDQ0000000000000000000000000000000000000000000000000000000000000000000000000000000000000000000000000000000000000000000QQQQQQQOa/.                                            .1YRQQQQ00RR00Q0BK$@DBR00000RR00000000000000000000000000000000000000000000000000000000000000000R0Q00000Q0RQD]`                         `+c_^{{s{l%l|: :. ;c*aypw52y#3pdEXXPGbYkkkk&UHDMQQQQQQQQRBAkDN&
000000000000000000000000000000000000000000000000000000000000000RNRkI`  .                                   .%X0000000000000000000000000000000000000000000000000000000000000000000000000000000000000000000000000000000000000000000RK4555L*v;.                                              |x?6KNR0RQQRWHG2nt]aCbR0RR0000000000000000000000000000000000000000000000000000000000000000000000000QQQ@HRQQ&r:":`<)'                                                .`````-_':':'^=)<ILfwTJ#zt*v=:\i+
00000000000000000000000000000000000000000000000000000000000000000RRMh{<                                     ;JKQ0000000000000000000000000000000000000000000000000000000000000000000000000000000000000000000000000000000000000000Rb?_                                                      .  =lIuSGZ4h#?v=-    >mW000000000000000000000000000000000000000000000000000000000000000000000R0R0R0QMd{iumbAme5mc!}:                        ..                                                       
000000000000000000000000000000000000000000000000000000000000000000R0QW@Voi. .                                |VQ000000000000000000000000000000000000000000000000000000000000000000000000000000000000000000000000000000000000000QQV|  .                                                       .   :==,'` .`.     lbQ00000000000000000000000000000000000000000000000000000000000000000000000RRQQWt_ ``_/cxcIi/=-                                                                                 
00000000000000000000000000000000000000000000000000000000000000000R00RR0QRE/                                . ,5Q00000000000000000000000000000000000000000000000000000000000000000000000000000000000000000000000000000000000000QQQ$#"                                                         ^):  .             ^S0Q0R000000000000000000000000000000000000000000000000000000000000000000000Q0Q&}`....        .                                                                                 
0000000000000000000000000000000000000000000000000000000000000000000000000$1   .                            . ,mQ0000000000000000000000000000000000000000000000000000000000000000000000000000000000000000000000000000000000000000R0Ng%.                                                       :a6];              ^h000000000000000000000000000000000000000000000000000000000000000000000R00000Qks_                                                                                              
00000000000000000000000000000000000000000000000000000000000000000R000000RRG)                                `}&Q00000000000000000000000000000000000000000000000000000000000000000000000000000000000000000000000000000000000000QQ00QWF\                                                        ^pM4)            'z@QR0Q0000000000000000000000000000000000000000000000000000000000000000000000RQMqi..                                                   ......                                   
0000000000000000000000000000000000000000000000000000000000000000RRR00RRRMQW3|- .                           `]k0R000000000000000000000000000000000000000000000000000000000000000000000000000000000000000000000000000000000000000000Q0Rkz^                                                       i5Bh"          -[AQR000RR000000000000000000000000000000000000000000000000000000000000000000Q0R0Rg<...                                             _;+<}phgSSqm6m3Joa7]!lrr{{}?ajf23Fmp22p6qpwCa1
00000000000000000000000000000000000000000000000000000000000000000RR00000R0RKbgc`  .                 .     ;7@Q00000000000000000000000000000000000000000000000000000000000000000000000000000000000000000000000000000000000000000000Q0QQDw"                                                      ._?2%.        :oUQ0R0R0000000000000000000000000000000000000000000000000000000000000000000RQ00RQU{`                                         . ` .iJEO@BRQRR0QQQQQQQQQQRQMNMMMR0QQQQQQQQQQQQQQQQQQ
0000000000000000000000000000000000000000000000000000000000000000RRR00000QQQQQQ$ml+.              _"|,/v1#thNQ0000Q00000000000000000000000000000000000000000000000000000000000000000000000000000000000000000000000000000000000000000000QMXe): .`.                                =ow1<`            \|.      ^ISBQR00R00000000000000000000000000000000000000000000000000000000000000000000R000MQ@r   .                                      `  ,tbRQ0QQQR0RRRRRRR00000QR0RRMMRRRRRR0R0QR00QR00000
00000000000000000000000000000000000000000000000000000000000000000R000QQQWbgqFJnLc;               '\iv[gMQM0Q0000QQ00000000000000000000000000000000000000000000000000000000000000000000000000000000000000000000000000000000000000000000QQQQBPo^                             ,i[#6GWQ0$gnl;        .  <!%"%1CbRQQ00R00000000000000000000000000000000000000000000000000000000000000000000000000R0R2"                                         . 'pMQ000000RR0RR00RR00000RRRRRRRRRRR0R00R00000000000
0000000000000000000000000000000000000000000000000000000000000000000QQMk3?^``.                        `/1G0Q00R00000000000000000000000000000000000000000000000000000000000000000000000000000000000000000000000000000000000000000000000000QQQQk%                            `t&QQQQQQQQQQWYy?+       =yB@A$HNQQ0R0000000000000000000000000000000000000000000000000000000000000000000000000000000QNF/                                        .  I&0R00RR0R000000000000000RRRRRRRRRR000000000000000
00000000000000000000000000000000000000000000000000000000000000000RM0Ku/  -` .                           )dQQ0000000000000000000000000000000000000000000000000000000000000000000000000000000000000000000000000000000000000000000000000000000QD7`                         . '#B0RR000QQ00QQQR&5I|;:|[4NQR0Q0000RR00000000000000000000000000000000000000000000000000000000000000000000000000000R00QMt-                                           tWRMR0R0R0000000000000000RRRRRRRR0000000000000000
00000000000000000000000000000000000000000000000000000000000000000NMRg= . .. .                          ..<qNQR0R0000000000000000000000000000000000000000000000000000000000000000000000000000000000000000000000000000000000000000000000000R000Pv                           |6WRR0R0000000RRRQQMH&Y$RQQ0Q0RRR00000000000000000000000000000000000000000000000000000000000000000000000000000000000QMQE|.                                        . +VRMR000R0000000000000000RRRRRRRR0000000000000000
00000000000000000000000000000000000000000000000000000000000000000W0@o- . ....                             ;ePQRMQ000000000000000000000000000000000000000000000000000000000000000000000000000000000000000000000000000000000000000000000000R0QQV<                           sZRRR0000000000RRRR0QQQQ00000000000R00000000000000000000000000000000000000000000000000000000000000000000000000000000QH0$%                                            *$00R00R0000000000000000000000000000000000000000
0000000000000000000000000000000000000000000000000000000000000R00R0N7        ..                             .{U0M00000000000000000000000000000000000000000000000000000000000000000000000000000000000000000000000000000000000000000000000QQR0Qq<-.                         =yB0R00000000000000000000000000000000000000000000000000000000000000000000000000000000000000000000000000000000000000000RMQ6<    ..                                     <Z0RR0000000000000000000000000000000000000000000
00000000000000000000000000000000000000000000000000000000000000RRRKf-                                        +pQRRRR000000000000000000000000000000000000000000000000000000000000000000000000000000000000000000000000000000000000000000000RQW6)                           `]8Q000000000000000000000000000000000000000000000000000000000000000000000000000000000000000000000000000000000000000000R0R0R8#<`    |+`                                 |XRMR0000000000000000000000000000000000000000000
00000000000000000000000000000000000000000000000000000000RQQRM00MRP\                                      .. :3QRRRR0000000000000000000000000000000000000000000000000000000000000000000000000000000000000000000000000000000000000000000000B5|                            vg00000000000000000000000000000000000000000000000000000000000000000000000000000000000000000000000000000000000000000000000000QKSf#JJ8qi.                                <bRMRR000000000000000000000000000000000000000000
00000000000000RR0000000000000000000000000000000000000000R0QRMRQ0M5;                                        -xU0RRR0000000000000000000000000000000000000000000000000000000000000000000000000000000000000000000000000000000000000000000000QBy\`                         .\6N0R0000000000000000000000000000000000000000000000000000000000000000000000000000000000000000000000000000000000000000000000000QQQQQQQ0C,                                x80MR0R00RRRR00000000000000000000000000000000000
00RRR000000000000000000000000000000000000000000000000000000RQQ0Q$?.                                        `lAM0RR000000000000000000000000000000000000000000000000000000000000000000000000000000000000000000000000000000000000000000000000M&6{_                       sGRR0000000000000000000000000000000000000000000000000000000000000000000000000000000000000000000000000000000000000000000000000000000QM0QGv.                               oB0M0000RRRRR00000000000000000000000000000000000
QQQQQQQQQ0000000000000000000000000000000000000000000000QQQQQQQR&?_                                        . ,JMQRRR000000000000000000000000000000000000000000000000000000000000000000000000000000000000000000000000000000000000000000000RR0Q&*.                       c4MQQ0000000000000000000000000000000000000000000000000000000000000000000000000000000000000000000000000000000000000000000000000000000RRQbc.                            . .CM0RRR0RRRRRR00000000000000000000000000000000000
PdF2235gkM00R000R0000000000000000000R00R0R0RRR0000Q0QQQMB$Xhwe})`                                          `sXR0RR000000000000000000000000000000000000000000000000000000000000000000000000000000000000000000000000000000000000000R000000RRQK#^                         /T$Q00000000000000000000000000000000000000000000000000000000000000000000000000000000000000000000000000000000000000000000000000000R00Q0w:                                #M0MR0R0RRRR000000000000000000000000000000000000
'_   .  +#B0R000R00000000000000000000R0000QQQRD$A8YVyTt*)^_.                                              ,ek00R00000000000000000000000000000000000000000000000000000000000000000000000000000000000000000000000000000000000000000R00000RRQA]`                           'oUQ000000000000000000000000000000000000000000000000000000000000000000000000000000000000000000000000000000000000000000000000000R00RR0Ow>'                              a8MR00R0RRRR000000000000000000000000000000000000
         -mMRQ00R0000000000000000000RRR0QQKPj!x<|"^'                                                      <GQRNQQQ0000000000000000000000000000000000000000000000000000000000000000000000000000000000000000000000000000000000000R000R0QRR0Pc                              `!A0RR00000000000000000000000000000000000000000000000000000000000000000000000000000000000000000000000000000000000000000000000000RRR0QQ8a:                             *$NR00R0RRRR000000000000000000000000000000000000
        _ v$00R0R000000000000000RQRRM0k5uu*=                                                              /hQQ00Q000000000000000000000000000000000000000000000000000000000000000000000000000000000000000000000000000000000000000000000R0&I                              . -e$Q00000000000000000000000000000000000000000000000000000000000000000000000000000000000000000000000000000000000000000000000000RR0R0RQQn^.                            *@MRR000RRRR000000000000000000000000000000000000