00000000000000000000000000000000000000000000000000000000000000000000000000000000000000000000000000000000000000000000000000000000000000000000000000000000000000000000000000000000000000000000000000000000000000000000000000000000000000000000000000000000000000000000000000000000000000000000000000000000000000000000000000000000000000000000000000000000000000000000000000000000000000000000000000000000000000000000000000000000000000000000000000000000000000000000000000000000000000000000000
00000000000000000000000000000000000000000000000000000000000000000000000000000000000000000000000000000000000000000000000000000000000000000000000000000000000000000000000000000000000000000000000000000000000000000000000000000000000000000000000000000000000000000000000000000000000000000000000000000000000000000000000000000000000000000000000000000000000000000000000000000000000000000000000000000000000000000000000000000000000000000000000000000000000000000000000000000000000000000000000
00000000000000000000000000000000000000000000000000000000000000000000000000000000000000000000000000000000000000000000000000000000000000000000000000000000000000000000000000000000000000000000000000000000000000000000000000000000000000000000000000000000000000000000000000000000000000000000000000000000000000000000000000000000000000000000000000000000000000000000000000000000000000000000000000000000000000000000000000000000000000000000000000000000000000000000000000000000000000000000000
00000000000000000000000000000000000000000000000000000000000000000000000000000000000000000000000000000000000000000000000000000000000000000000000000000000000000000000000000000000000000000000000000000000000000000000000000000000000000000000000000000000000000000000000000000000000000000000000000000000000000000000000000000000000000000000000000000000000000000000000000000000000000000000000000000000000000000000000000000000000000000000000000000000000000000000000000000000000000000000000
00000000000000000000000000000000000000000000000000000000000000000000000000000000000000000000000000000000000000000000000000000000000000000000000000000000000000000000000000000000000000000000000000000000000000000000000000000000000000000000000000000000000000000000000000000000000000000000000000000000000000000000000000000000000000000000000000000000000000000000000000000000000000000000000000000000000000000000000000000000000000000000000000000000000000000000000000000000000000000000000
00000000000000000000000000000000000000000000000000000000000000000000000000000000000000000000000000000000000000000000000000000000000000000000000000000000000000000000000000000000000000000000000000000000000000000000000000000000000000000000000000000000000000000000000000000000000000000000000000000000000000000000000000000000000000000000000000000000000000000000000000000000000000000000000000000000000000000000000000000000000000000000000000000000000000000000000000000000000000000000000
00000000000000000000000000000000000000000000000000000000000000000000000000000000000000000000000000000000000000000000000000000000000000000000000000000000000000000000000000000000000000000000000000000000000000000000000000000000000000000000000000000000000000000000000000000000000000000000000000000000000000000000000000000000000000000000000000000000000000000000000000000000000000000000000000000000000000000000000000000000000000000000000000000000000000000000000000000000000000000000000
00000000000000000000000000000000000000000000000000000000000000000000000000000000000000000000000000000000000000000000000000000000000000000000000000000000000000000000000000000000000000000000000000000000000000000000000000000000000000000000000000000000000000000000000000000000000000000000000000000000000000000000000000000000000000000000000000000000000000000000000000000000000000000000000000000000000000000000000000000000000000000000000000000000000000000000000000000000000000000000000
00000000000000000000000000000000000000000000000000000000000000000000000000000000000000000000000000000000000000000000000000000000000000000000000000000000000000000000000000000000000000000000000000000000000000000000000000000000000000000000000000000000000000000000000000000000000000000000000000000000000000000000000000000000000000000000000000000000000000000000000000000000000000000000000000000000000000000000000000000000000000000000000000000000000000000000000000000000000000000000000
00000000000000000000000000000000000000000000000000000000000000000000000000000000000000000000000000000000000000000000000000000000000000000000000000000000000000000000000000000000000000000000000000000000000000000000000000000000000000000000000000000000000000000000000000000000000000000000000000000000000000000000000000000000000000000000000000000000000000000000000000000000000000000000000000000000000000000000000000000000000000000000000000000000000000000000000000000000000000000000000
00000000000000000000000000000000000000000000000000000000000000000000000000000000000000000000000000000000000000000000000000000000000000000000000000000000000000000000000000000000000000000000000000000000000000000000000000000000000000000000000000000000000000000000000000000000000000000000000000000000000000000000000000000000000000000000000000000000000000000000000000000000000000000000000000000000000000000000000000000000000000000000000000000000000000000000000000000000000000000000000
00000000000000000000000000000000000000000000000000000000000000000000000000000000000000000000000000000000000000000000000000000000000000000000000000000000000000000000000000000000000000000000000000000000000000000000000000000000000000000000000000000000000000000000000000000000000000000000000000000000000000000000000000000000000000000000000000000000000000000000000000000000000000000000000000000000000000000000000000000000000000000000000000000000000000000000000000000000000000000000000
00000000000000000000000000000000000000000000000000000000000000000000000000000000000000000000000000000000000000000000000000000000000000000000000000000000000000000000000000000000000000000000000000000000000000000000000000000000000000000000000000000000000000000000000000000000000000000000000000000000000000000000000000000000000000000000000000000000000000000000000000000000000000000000000000000000000000000000000000000000000000000000000000000000000000000000000000000000000000000000000
00000000000000000000000000000000000000000000000000000000000000000000000000000000000000000000000000000000000000000000000000000000000000000000000000000000000000000000000000000000000000000000000000000000000000000000000000000000000000000000000000000000000000000000000000000000000000000000000000000000000000000000000000000000000000000000000000000000000000000000000000000000000000000000000000000000000000000000000000000000000000000000000000000000000000000000000000000000000000000000000
00000000000000000000000000000000000000000000000000000000000000000000000000000000000000000000000000000000000000000000000000000000000000000000000000000000000000000000000000000000000000000000000000000000000000000000000000000000000000000000000000000000000000000000000000000000000000000000000000000000000000000000000000000000000000000000000000000000000000000000000000000000000000000000000000000000000000000000000000000000000000000000000000000000000000000000000000000000000000000000000
00000000000000000000000000000000000000000000000000000000000000000000000000000000000000000000000000000000000000000000000000000000000000000000000000000000000000000000000000000000000000000000000000000000000000000000000000000000000000000000000000000000000000000000000000000000000000000000000000000000000000000000000000000000000000000000000000000000000000000000000000000000000000000000000000000000000000000000000000000000000000000000000000000000000000000000000000000000000000000000000
00000000000000000000000000000000000000000000000000000000000000000000000000000000000000000000000000000000000000000000000000000000000000000000000000000000000000000000000000000000000000000000000000000000000000000000000000000000000000000000000000000000000000000000000000000000000000000000000000000000000000000000000000000000000000000000000000000000000000000000000000000000000000000000000000000000000000000000000000000000000000000000000000000000000000000000000000000000000000000000000
00000000000000000000000000000000000000000000000000000000000000000000000000000000000000000000000000000000000000000000000000000000000000000000000000000000000000000000000000000000000000000000000000000000000000000000000000000000000000000000000000000000000000000000000000000000000000000000000000000000000000000000000000000000000000000000000000000000000000000000000000000000000000000000000000000000000000000000000000000000000000000000000000000000000000000000000000000000000000000000000
00000000000000000000000000000000000000000000000000000000000000000000000000000000000000000000000000000000000000000000000000000000000000000000000000000000000000000000000000000000000000000000000000000000000000000000000000000000000000000000000000000000000000000000000000000000000000000000000000000000000000000000000000000000000000000000000000000000000000000000000000000000000000000000000000000000000000000000000000000000000000000000000000000000000000000000000000000000000000000000000
00000000000000000000000000000000000000000000000000000000000000000000000000000000000000000000000000000000000000000000000000000000000000000000000000000000000000000000000000000000000000000000000000000000000000000000000000000000000000000000000000000000000000000000000000000000000000000000000000000000000000000000000000000000000000000000000000000000000000000000000000000000000000000000000000000000000000000000000000000000000000000000000000000000000000000000000000000000000000000000000
00000000000000000000000000000000000000000000000000000000000000000000000000000000000000000000000000000000000000000000000000000000000000000000000000000000000000000000000000000000000000000000000000000000000000000000000000000000000000000000000000000000000000000000000000000000000000000000000000000000000000000000000000000000000000000000000000000000000000000000000000000000000000000000000000000000000000000000000000000000000000000000000000000000000000000000000000000000000000000000000
00000000000000000000000000000000000000000000000000000000000000000000000000000000000000000000000000000000000000000000000000000000000000000000000000000000000000000000000000000000000000000000000000000000000000000000000000000000000000000000000000000000000000000000000000000000000000000000000000000000000000000000000000000000000000000000000000000000000000000000000000000000000000000000000000000000000000000000000000000000000000000000000000000000000000000000000000000000000000000000000
00000000000000000000000000000000000000000000000000000000000000000000000000000000000000000000000000000000000000000000000000000000000000000000000000000000000000000000000000000000000000000000000000000000000000000000000000000000000000000000000000000000000000000000000000000000000000000000000000000000000000000000000000000000000000000000000000000000000000000000000000000000000000000000000000000000000000000000000000000000000000000000000000000000000000000000000000000000000000000000000
00000000000000000000000000000000000000000000000000000000000000000000000000000000000000000000000000000000000000000000000000000000000000000000000000000000000000000000000000000000000000000000000000000000000000000000000000000000000000000000000000000000000000000000000000000000000000000000000000000000000000000000000000000000000000000000000000000000000000000000000000000000000000000000000000000000000000000000000000000000000000000000000000000000000000000000000000000000000000000000000
00000000000000000000000000000000000000000000000000000000000000000000000000000000000000000000000000000000000000000000000000000000000000000000000000000000000000000000000000000000000000000000000000000000000000000000000000000000000000000000000000000000000000000000000000000000000000000000000000000000000000000000000000000000000000000000000000000000000000000000000000000000000000000000000000000000000000000000000000000000000000000000000000000000000000000000000000000000000000000000000
00000000000000000000000000000000000000000000000000000000000000000000000000000000000000000000000000000000000000000000000000000000000000000000000000000000000000000000000000000000000000000000000000000000000000000000000000000000000000000000000000000000000000000000000000000000000000000000000000000000000000000000000000000000000000000000000000000000000000000000000000000000000000000000000000000000000000000000000000000000000000000000000000000000000000000000000000000000000000000000000
00000000000000000000000000000000000000000000000000000000000000000000000000000000000000000000000000000000000000000000000000000000000000000000000000000000000000000000000000000000000000000000000000000000000000000000000000000000000000000000000000000000000000000000000000000000000000000000000000000000000000000000000000000000000000000000000000000000000000000000000000000000000000000000000000000000000000000000000000000000000000000000000000000000000000000000000000000000000000000000000
00000000000000000000000000000000000000000000000000000000000000000000000000000000000000000000000000000000000000000000000000000000000000000000000000000000000000000000000000000000000000000000000000000000000000000000000000000000000000000000000000000000000000000000000000000000000000000000000000000000000000000000000000000000000000000000000000000000000000000000000000000000000000000000000000000000000000000000000000000000000000000000000000000000000000000000000000000000000000000000000
00000000000000000000000000000000000000000000000000000000000000000000000000000000000000000000000000000000000000000000000000000000000000000000000000000000000000000000000000000000000000000000000000000000000000000000000000000000000000000000000000000000000000000000000000000000000000000000000000000000000000000000000000000000000000000000000000000000000000000000000000000000000000000000000000000000000000000000000000000000000000000000000000000000000000000000000000000000000000000000000
00000000000000000000000000000000000000000000000000000000000000000000000000000000000000000000000000000000000000000000000000000000000000000000000000000000000000000000000000000000000000000000000000000000000000000000000000000000000000000000000000000000000000000000000000000000000000000000000000000000000000000000000000000000000000000000000000000000000000000000000000000000000000000000000000000000000000000000000000000000000000000000000000000000000000000000000000000000000000000000000
00000000000000000000000000000000000000000000000000000000000000000000000000000000000000000000000000000000000000000000000000000000000000000000000000000000000000000000000000000000000000000000000000000000000000000000000000000000000000000000000000000000000000000000000000000000000000000000000000000000000000000000000000000000000000000000000000000000000000000000000000000000000000000000000000000000000000000000000000000000000000000000000000000000000000000000000000000000000000000000000
00000000000000000000000000000000000000000000000000000000000000000000000000000000000000000000000000000000000000000000000000000000000000000000000000000000000000000000000000000000000000000000000000000000000000000000000000000000000000000000000000000000000000000000000000000000000000000000000000000000000000000000000000000000000000000000000000000000000000000000000000000000000000000000000000000000000000000000000000000000000000000000000000000000000000000000000000000000000000000000000
00000000000000000000000000000000000000000000000000000000000000000000000000000000000000000000000000000000000000000000000000000000000000000000000000000000000000000000000000000000000000000000000000000000000000000000000000000000000000000000000000000000000000000000000000000000000000000000000000000000000000000000000000000000000000000000000000000000000000000000000000000000000000000000000000000000000000000000000000000000000000000000000000000000000000000000000000000000000000000000000
00000000000000000000000000000000000000000000000000000000000000000000000000000000000000000000000000000000000000000000000000000000000000000000000000000000000000000000000000000000000000000000000000000000000000000000000000000000000000000000000000000000000000000000000000000000000000000000000000000000000000000000000000000000000000000000000000000000000000000000000000000000000000000000000000000000000000000000000000000000000000000000000000000000000000000000000000000000000000000000000
00000000000000000000000000000000000000000000000000000000000000000000000000000000000000000000000000000000000000000000000000000000000000000000000000000000000000000000000000000000000000000000000000000000000000000000000000000000000000000000000000000000000000000000000000000000000000000000000000000000000000000000000000000000000000000000000000000000000000000000000000000000000000000000000000000000000000000000000000000000000000000000000000000000000000000000000000000000000000000000000
00000000000000000000000000000000000000000000000000000000000000000000000000000000000000000000000000000000000000000000000000000000000000000000000000000000000000000000000000000000000000000000000000000000000000000000000000000000000000000000000000000000000000000000000000000000000000000000000000000000000000000000000000000000000000000000000000000000000000000000000000000000000000000000000000000000000000000000000000000000000000000000000000000000000000000000000000000000000000000000000
00000000000000000000000000000000000000000000000000000000000000000000000000000000000000000000000000000000000000000000000000000000000000000000000000000000000000000000000000000000000000000000000000000000000000000000000000000000000000000000000000000000000000000000000000000000000000000000000000000000000000000000000000000000000000000000000000000000000000000000000000000000000000000000000000000000000000000000000000000000000000000000000000000000000000000000000000000000000000000000000
00000000000000000000000000000000000000000000000000000000000000000000000000000000000000000000000000000000000000000000000000000000000000000000000000000000000000000000000000000000000000000000000000000000000000000000000000000000000000000000000000000000000000000000000000000000000000000000000000000000000000000000000000000000000000000000000000000000000000000000000000000000000000000000000000000000000000000000000000000000000000000000000000000000000000000000000000000000000000000000000
00000000000000000000000000000000000000000000000000000000000000000000000000000000000000000000000000000000000000000000000000000000000000000000000000000000000000000000000000000000000000000000000000000000000000000000000000000000000000000000000000000000000000000000000000000000000000000000000000000000000000000000000000000000000000000000000000000000000000000000000000000000000000000000000000000000000000000000000000000000000000000000000000000000000000000000000000000000000000000000000
00000000000000000000000000000000000000000000000000000000000000000000000000000000000000000000000000000000000000000000000000000000000000000000000000000000000000000000000000000000000000000000000000000000000000000000000000000000000000000000000000000000000000000000000000000000000000000000000000000000000000000000000000000000000000000000000000000000000000000000000000000000000000000000000000000000000000000000000000000000000000000000000000000000000000000000000000000000000000000000000
00000000000000000000000000000000000000000000000000000000000000000000000000000000000000000000000000000000000000000000000000000000000000000000000000000000000000000000000000000000000000000000000000000000000000000000000000000000000000000000000000000000000000000000000000000000000000000000000000000000000000000000000000000000000000000000000000000000000000000000000000000000000000000000000000000000000000000000000000000000000000000000000000000000000000000000000000000000000000000000000
00000000000000000000000000000000000000000000000000000000000000000000000000000000000000000000000000000000000000000000000000000000000000000000000000000000000000000000000000000000000000000000000000000000000000000000000000000000000000000000000000000000000000000000000000000000000000000000000000000000000000000000000000000000000000000000000000000000000000000000000000000000000000000000000000000000000000000000000000000000000000000000000000000000000000000000000000000000000000000000000
00000000000000000000000000000000000000000000000000000000000000000000000000000000000000000000000000000000000000000000000000000000000000000000000000000000000000000000000000000000000000000000000000000000000000000000000000000000000000000000000000000000000000000000000000000000000000000000000000000000000000000000000000000000000000000000000000000000000000000000000000000000000000000000000000000000000000000000000000000000000000000000000000000000000000000000000000000000000000000000000
00000000000000000000000000000000000000000000000000000000000000000000000000000000000000000000000000000000000000000000000000000000000000000000000000000000000000000000000000000000000000000000000000000000000000000000000000000000000000000000000000000000000000000000000000000000000000000000000000000000000000000000000000000000000000000000000000000000000000000000000000000000000000000000000000000000000000000000000000000000000000000000000000000000000000000000000000000000000000000000000
00000000000000000000000000000000000000000000000000000000000000000000000000000000000000000000000000000000000000000000000000000000000000000000000000000000000000000000000000000000000000000000000000000000000000000000000000000000000000000000000000000000000000000000000000000000000000000000000000000000000000000000000000000000000000000000000000000000000000000000000000000000000000000000000000000000000000000000000000000000000000000000000000000000000000000000000000000000000000000000000
00000000000000000000000000000000000000000000000000000000000000000000000000000000000000000000000000000000000000000000000000000000000000000000000000000000000000000000000000000000000000000000000000000000000000000000000000000000000000000000000000000000000000000000000000000000000000000000000000000000000000000000000000000000000000000000000000000000000000000000000000000000000000000000000000000000000000000000000000000000000000000000000000000000000000000000000000000000000000000000000
00000000000000000000000000000000000000000000000000000000000000000000000000000000000000000000000000000000000000000000000000000000000000000000000000000000000000000000000000000000000000000000000000000000000000000000000000000000000000000000000000000000000000000000000000000000000000000000000000000000000000000000000000000000000000000000000000000000000000000000000000000000000000000000000000000000000000000000000000000000000000000000000000000000000000000000000000000000000000000000000
00000000000000000000000000000000000000000000000000000000000000000000000000000000000000000000000000000000000000000000000000000000000000000000000000000000000000000000000000000000000000000000000000000000000000000000000000000000000000000000000000000000000000000000000000000000000000000000000000000000000000000000000000000000000000000000000000000000000000000000000000000000000000000000000000000000000000000000000000000000000000000000000000000000000000000000000000000000000000000000000
00000000000000000000000000000000000000000000000000000000000000000000000000000000000000000000000000000000000000000000000000000000000000000000000000000000000000000000000000000000000000000000000000000000000000000000000000000000000000000000000000000000000000000000000000000000000000000000000000000000000000000000000000000000000000000000000000000000000000000000000000000000000000000000000000000000000000000000000000000000000000000000000000000000000000000000000000000000000000000000000
00000000000000000000000000000000000000000000000000000000000000000000000000000000000000000000000000000000000000000000000000000000000000000000000000000000000000000000000000000000000000000000000000000000000000000000000000000000000000000000000000000000000000000000000000000000000000000000000000000000000000000000000000000000000000000000000000000000000000000000000000000000000000000000000000000000000000000000000000000000000000000000000000000000000000000000000000000000000000000000000
00000000000000000000000000000000000000000000000000000000000000000000000000000000000000000000000000000000000000000000000000000000000000000000000000000000000000000000000000000000000000000000000000000000000000000000000000000000000000000000000000000000000000000000000000000000000000000000000000000000000000000000000000000000000000000000000000000000000000000000000000000000000000000000000000000000000000000000000000000000000000000000000000000000000000000000000000000000000000000000000
00000000000000000000000000000000000000000000000000000000000000000000000000000000000000000000000000000000000000000000000000000000000000000000000000000000000000000000000000000000000000000000000000000000000000000000000000000000000000000000000000000000000000000000000000000000000000000000000000000000000000000000000000000000000000000000000000000000000000000000000000000000000000000000000000000000000000000000000000000000000000000000000000000000000000000000000000000000000000000000000
00000000000000000000000000000000000000000000000000000000000000000000000000000000000000000000000000000000000000000000000000000000000000000000000000000000000000000000000000000000000000000000000000000000000000000000000000000000000000000000000000000000000000000000000000000000000000000000000000000000000000000000000000000000000000000000000000000000000000000000000000000000000000000000000000000000000000000000000000000000000000000000000000000000000000000000000000000000000000000000000
00000000000000000000000000000000000000000000000000000000000000000000000000000000000000000000000000000000000000000000000000000000000000000000000000000000000000000000000000000000000000000000000000000000000000000000000000000000000000000000000000000000000000000000000000000000000000000000000000000000000000000000000000000000000000000000000000000000000000000000000000000000000000000000000000000000000000000000000000000000000000000000000000000000000000000000000000000000000000000000000
00000000000000000000000000000000000000000000000000000000000000000000000000000000000000000000000000000000000000000000000000000000000000000000000000000000000000000000000000000000000000000000000000000000000000000000000000000000000000000000000000000000000000000000000000000000000000000000000000000000000000000000000000000000000000000000000000000000000000000000000000000000000000000000000000000000000000000000000000000000000000000000000000000000000000000000000000000000000000000000000
00000000000000000000000000000000000000000000000000000000000000000000000000000000000000000000000000000000000000000000000000000000000000000000000000000000000000000000000000000000000000000000000000000000000000000000000000000000000000000000000000000000000000000000000000000000000000000000000000000000000000000000000000000000000000000000000000000000000000000000000000000000000000000000000000000000000000000000000000000000000000000000000000000000000000000000000000000000000000000000000
00000000000000000000000000000000000000000000000000000000000000000000000000000000000000000000000000000000000000000000000000000000000000000000000000000000000000000000000000000000000000000000000000000000000000000000000000000000000000000000000000000000000000000000000000000000000000000000000000000000000000000000000000000000000000000000000000000000000000000000000000000000000000000000000000000000000000000000000000000000000000000000000000000000000000000000000000000000000000000000000
00000000000000000000000000000000000000000000000000000000000000000000000000000000000000000000000000000000000000000000000000000000000000000000000000000000000000000000000000000000000000000000000000000000000000000000000000000000000000000000000000000000000000000000000000000000000000000000000000000000000000000000000000000000000000000000000000000000000000000000000000000000000000000000000000000000000000000000000000000000000000000000000000000000000000000000000000000000000000000000000
00000000000000000000000000000000000000000000000000000000000000000000000000000000000000000000000000000000000000000000000000000000000000000000000000000000000000000000000000000000000000000000000000000000000000000000000000000000000000000000000000000000000000000000000000000000000000000000000000000000000000000000000000000000000000000000000000000000000000000000000000000000000000000000000000000000000000000000000000000000000000000000000000000000000000000000000000000000000000000000000
00000000000000000000000000000000000000000000000000000000000000000000000000000000000000000000000000000000000000000000000000000000000000000000000000000000000000000000000000000000000000000000000000000000000000000000000000000000000000000000000000000000000000000000000000000000000000000000000000000000000000000000000000000000000000000000000000000000000000000000000000000000000000000000000000000000000000000000000000000000000000000000000000000000000000000000000000000000000000000000000
00000000000000000000000000000000000000000000000000000000000000000000000000000000000000000000000000000000000000000000000000000000000000000000000000000000000000000000000000000000000000000000000000000000000000000000000000000000000000000000000000000000000000000000000000000000000000000000000000000000000000000000000000000000000000000000000000000000000000000000000000000000000000000000000000000000000000000000000000000000000000000000000000000000000000000000000000000000000000000000000
00000000000000000000000000000000000000000000000000000000000000000000000000000000000000000000000000000000000000000000000000000000000000000000000000000000000000000000000000000000000000000000000000000000000000000000000000000000000000000000000000000000000000000000000000000000000000000000000000000000000000000000000000000000000000000000000000000000000000000000000000000000000000000000000000000000000000000000000000000000000000000000000000000000000000000000000000000000000000000000000
00000000000000000000000000000000000000000000000000000000000000000000000000000000000000000000000000000000000000000000000000000000000000000000000000000000000000000000000000000000000000000000000000000000000000000000000000000000000000000000000000000000000000000000000000000000000000000000000000000000000000000000000000000000000000000000000000000000000000000000000000000000000000000000000000000000000000000000000000000000000000000000000000000000000000000000000000000000000000000000000
00000000000000000000000000000000000000000000000000000000000000000000000000000000000000000000000000000000000000000000000000000000000000000000000000000000000000000000000000000000000000000000000000000000000000000000000000000000000000000000000000000000000000000000000000000000000000000000000000000000000000000000000000000000000000000000000000000000000000000000000000000000000000000000000000000000000000000000000000000000000000000000000000000000000000000000000000000000000000000000000
00000000000000000000000000000000000000000000000000000000000000000000000000000000000000000000000000000000000000000000000000000000000000000000000000000000000000000000000000000000000000000000000000000000000000000000000000000000000000000000000000000000000000000000000000000000000000000000000000000000000000000000000000000000000000000000000000000000000000000000000000000000000000000000000000000000000000000000000000000000000000000000000000000000000000000000000000000000000000000000000
00000000000000000000000000000000000000000000000000000000000000000000000000000000000000000000000000000000000000000000000000000000000000000000000000000000000000000000000000000000000000000000000000000000000000000000000000000000000000000000000000000000000000000000000000000000000000000000000000000000000000000000000000000000000000000000000000000000000000000000000000000000000000000000000000000000000000000000000000000000000000000000000000000000000000000000000000000000000000000000000
00000000000000000000000000000000000000000000000000000000000000000000000000000000000000000000000000000000000000000000000000000000000000000000000000000000000000000000000000000000000000000000000000000000000000000000000000000000000000000000000000000000000000000000000000000000000000000000000000000000000000000000000000000000000000000000000000000000000000000000000000000000000000000000000000000000000000000000000000000000000000000000000000000000000000000000000000000000000000000000000
00000000000000000000000000000000000000000000000000000000000000000000000000000000000000000000000000000000000000000000000000000000000000000000000000000000000000000000000000000000000000000000000000000000000000000000000000000000000000000000000000000000000000000000000000000000000000000000000000000000000000000000000000000000000000000000000000000000000000000000000000000000000000000000000000000000000000000000000000000000000000000000000000000000000000000000000000000000000000000000000
00000000000000000000000000000000000000000000000000000000000000000000000000000000000000000000000000000000000000000000000000000000000000000000000000000000000000000000000000000000000000000000000000000000000000000000000000000000000000000000000000000000000000000000000000000000000000000000000000000000000000000000000000000000000000000000000000000000000000000000000000000000000000000000000000000000000000000000000000000000000000000000000000000000000000000000000000000000000000000000000
00000000000000000000000000000000000000000000000000000000000000000000000000000000000000000000000000000000000000000000000000000000000000000000000000000000000000000000000000000000000000000000000000000000000000000000000000000000000000000000000000000000000000000000000000000000000000000000000000000000000000000000000000000000000000000000000000000000000000000000000000000000000000000000000000000000000000000000000000000000000000000000000000000000000000000000000000000000000000000000000
00000000000000000000000000000000000000000000000000000000000000000000000000000000000000000000000000000000000000000000000000000000000000000000000000000000000000000000000000000000000000000000000000000000000000000000000000000000000000000000000000000000000000000000000000000000000000000000000000000000000000000000000000000000000000000000000000000000000000000000000000000000000000000000000000000000000000000000000000000000000000000000000000000000000000000000000000000000000000000000000
00000000000000000000000000000000000000000000000000000000000000000000000000000000000000000000000000000000000000000000000000000000000000000000000000000000000000000000000000000000000000000000000000000000000000000000000000000000000000000000000000000000000000000000000000000000000000000000000000000000000000000000000000000000000000000000000000000000000000000000000000000000000000000000000000000000000000000000000000000000000000000000000000000000000000000000000000000000000000000000000
00000000000000000000000000000000000000000000000000000000000000000000000000000000000000000000000000000000000000000000000000000000000000000000000000000000000000000000000000000000000000000000000000000000000000000000000000000000000000000000000000000000000000000000000000000000000000000000000000000000000000000000000000000000000000000000000000000000000000000000000000000000000000000000000000000000000000000000000000000000000000000000000000000000000000000000000000000000000000000000000
00000000000000000000000000000000000000000000000000000000000000000000000000000000000000000000000000000000000000000000000000000000000000000000000000000000000000000000000000000000000000000000000000000000000000000000000000000000000000000000000000000000000000000000000000000000000000000000000000000000000000000000000000000000000000000000000000000000000000000000000000000000000000000000000000000000000000000000000000000000000000000000000000000000000000000000000000000000000000000000000
00000000000000000000000000000000000000000000000000000000000000000000000000000000000000000000000000000000000000000000000000000000000000000000000000000000000000000000000000000000000000000000000000000000000000000000000000000000000000000000000000000000000000000000000000000000000000000000000000000000000000000000000000000000000000000000000000000000000000000000000000000000000000000000000000000000000000000000000000000000000000000000000000000000000000000000000000000000000000000000000
00000000000000000000000000000000000000000000000000000000000000000000000000000000000000000000000000000000000000000000000000000000000000000000000000000000000000000000000000000000000000000000000000000000000000000000000000000000000000000000000000000000000000000000000000000000000000000000000000000000000000000000000000000000000000000000000000000000000000000000000000000000000000000000000000000000000000000000000000000000000000000000000000000000000000000000000000000000000000000000000
00000000000000000000000000000000000000000000000000000000000000000000000000000000000000000000000000000000000000000000000000000000000000000000000000000000000000000000000000000000000000000000000000000000000000000000000000000000000000000000000000000000000000000000000000000000000000000000000000000000000000000000000000000000000000000000000000000000000000000000000000000000000000000000000000000000000000000000000000000000000000000000000000000000000000000000000000000000000000000000000
00000000000000000000000000000000000000000000000000000000000000000000000000000000000000000000000000000000000000000000000000000000000000000000000000000000000000000000000000000000000000000000000000000000000000000000000000000000000000000000000000000000000000000000000000000000000000000000000000000000000000000000000000000000000000000000000000000000000000000000000000000000000000000000000000000000000000000000000000000000000000000000000000000000000000000000000000000000000000000000000
00000000000000000000000000000000000000000000000000000000000000000000000000000000000000000000000000000000000000000000000000000000000000000000000000000000000000000000000000000000000000000000000000000000000000000000000000000000000000000000000000000000000000000000000000000000000000000000000000000000000000000000000000000000000000000000000000000000000000000000000000000000000000000000000000000000000000000000000000000000000000000000000000000000000000000000000000000000000000000000000
00000000000000000000000000000000000000000000000000000000000000000000000000000000000000000000000000000000000000000000000000000000000000000000000000000000000000000000000000000000000000000000000000000000000000000000000000000000000000000000000000000000000000000000000000000000000000000000000000000000000000000000000000000000000000000000000000000000000000000000000000000000000000000000000000000000000000000000000000000000000000000000000000000000000000000000000000000000000000000000000
00000000000000000000000000000000000000000000000000000000000000000000000000000000000000000000000000000000000000000000000000000000000000000000000000000000000000000000000000000000000000000000000000000000000000000000000000000000000000000000000000000000000000000000000000000000000000000000000000000000000000000000000000000000000000000000000000000000000000000000000000000000000000000000000000000000000000000000000000000000000000000000000000000000000000000000000000000000000000000000000
00000000000000000000000000000000000000000000000000000000000000000000000000000000000000000000000000000000000000000000000000000000000000000000000000000000000000000000000000000000000000000000000000000000000000000000000000000000000000000000000000000000000000000000000000000000000000000000000000000000000000000000000000000000000000000000000000000000000000000000000000000000000000000000000000000000000000000000000000000000000000000000000000000000000000000000000000000000000000000000000
00000000000000000000000000000000000000000000000000000000000000000000000000000000000000000000000000000000000000000000000000000000000000000000000000000000000000000000000000000000000000000000000000000000000000000000000000000000000000000000000000000000000000000000000000000000000000000000000000000000000000000000000000000000000000000000000000000000000000000000000000000000000000000000000000000000000000000000000000000000000000000000000000000000000000000000000000000000000000000000000
00000000000000000000000000000000000000000000000000000000000000000000000000000000000000000000000000000000000000000000000000000000000000000000000000000000000000000000000000000000000000000000000000000000000000000000000000000000000000000000000000000000000000000000000000000000000000000000000000000000000000000000000000000000000000000000000000000000000000000000000000000000000000000000000000000000000000000000000000000000000000000000000000000000000000000000000000000000000000000000000
00000000000000000000000000000000000000000000000000000000000000000000000000000000000000000000000000000000000000000000000000000000000000000000000000000000000000000000000000000000000000000000000000000000000000000000000000000000000000000000000000000000000000000000000000000000000000000000000000000000000000000000000000000000000000000000000000000000000000000000000000000000000000000000000000000000000000000000000000000000000000000000000000000000000000000000000000000000000000000000000
00000000000000000000000000000000000000000000000000000000000000000000000000000000000000000000000000000000000000000000000000000000000000000000000000000000000000000000000000000000000000000000000000000000000000000000000000000000000000000000000000000000000000000000000000000000000000000000000000000000000000000000000000000000000000000000000000000000000000000000000000000000000000000000000000000000000000000000000000000000000000000000000000000000000000000000000000000000000000000000000
00000000000000000000000000000000000000000000000000000000000000000000000000000000000000000000000000000000000000000000000000000000000000000000000000000000000000000000000000000000000000000000000000000000000000000000000000000000000000000000000000000000000000000000000000000000000000000000000000000000000000000000000000000000000000000000000000000000000000000000000000000000000000000000000000000000000000000000000000000000000000000000000000000000000000000000000000000000000000000000000
00000000000000000000000000000000000000000000000000000000000000000000000000000000000000000000000000000000000000000000000000000000000000000000000000000000000000000000000000000000000000000000000000000000000000000000000000000000000000000000000000000000000000000000000000000000000000000000000000000000000000000000000000000000000000000000000000000000000000000000000000000000000000000000000000000000000000000000000000000000000000000000000000000000000000000000000000000000000000000000000
00000000000000000000000000000000000000000000000000000000000000000000000000000000000000000000000000000000000000000000000000000000000000000000000000000000000000000000000000000000000000000000000000000000000000000000000000000000000000000000000000000000000000000000000000000000000000000000000000000000000000000000000000000000000000000000000000000000000000000000000000000000000000000000000000000000000000000000000000000000000000000000000000000000000000000000000000000000000000000000000
00000000000000000000000000000000000000000000000000000000000000000000000000000000000000000000000000000000000000000000000000000000000000000000000000000000000000000000000000000000000000000000000000000000000000000000000000000000000000000000000000000000000000000000000000000000000000000000000000000000000000000000000000000000000000000000000000000000000000000000000000000000000000000000000000000000000000000000000000000000000000000000000000000000000000000000000000000000000000000000000
00000000000000000000000000000000000000000000000000000000000000000000000000000000000000000000000000000000000000000000000000000000000000000000000000000000000000000000000000000000000000000000000000000000000000000000000000000000000000000000000000000000000000000000000000000000000000000000000000000000000000000000000000000000000000000000000000000000000000000000000000000000000000000000000000000000000000000000000000000000000000000000000000000000000000000000000000000000000000000000000
00000000000000000000000000000000000000000000000000000000000000000000000000000000000000000000000000000000000000000000000000000000000000000000000000000000000000000000000000000000000000000000000000000000000000000000000000000000000000000000000000000000000000000000000000000000000000000000000000000000000000000000000000000000000000000000000000000000000000000000000000000000000000000000000000000000000000000000000000000000000000000000000000000000000000000000000000000000000000000000000
00000000000000000000000000000000000000000000000000000000000000000000000000000000000000000000000000000000000000000000000000000000000000000000000000000000000000000000000000000000000000000000000000000000000000000000000000000000000000000000000000000000000000000000000000000000000000000000000000000000000000000000000000000000000000000000000000000000000000000000000000000000000000000000000000000000000000000000000000000000000000000000000000000000000000000000000000000000000000000000000
00000000000000000000000000000000000000000000000000000000000000000000000000000000000000000000000000000000000000000000000000000000000000000000000000000000000000000000000000000000000000000000000000000000000000000000000000000000000000000000000000000000000000000000000000000000000000000000000000000000000000000000000000000000000000000000000000000000000000000000000000000000000000000000000000000000000000000000000000000000000000000000000000000000000000000000000000000000000000000000000
00000000000000000000000000000000000000000000000000000000000000000000000000000000000000000000000000000000000000000000000000000000000000000000000000000000000000000000000000000000000000000000000000000000000000000000000000000000000000000000000000000000000000000000000000000000000000000000000000000000000000000000000000000000000000000000000000000000000000000000000000000000000000000000000000000000000000000000000000000000000000000000000000000000000000000000000000000000000000000000000
00000000000000000000000000000000000000000000000000000000000000000000000000000000000000000000000000000000000000000000000000000000000000000000000000000000000000000000000000000000000000000000000000000000000000000000000000000000000000000000000000000000000000000000000000000000000000000000000000000000000000000000000000000000000000000000000000000000000000000000000000000000000000000000000000000000000000000000000000000000000000000000000000000000000000000000000000000000000000000000000
00000000000000000000000000000000000000000000000000000000000000000000000000000000000000000000000000000000000000000000000000000000000000000000000000000000000000000000000000000000000000000000000000000000000000000000000000000000000000000000000000000000000000000000000000000000000000000000000000000000000000000000000000000000000000000000000000000000000000000000000000000000000000000000000000000000000000000000000000000000000000000000000000000000000000000000000000000000000000000000000
00000000000000000000000000000000000000000000000000000000000000000000000000000000000000000000000000000000000000000000000000000000000000000000000000000000000000000000000000000000000000000000000000000000000000000000000000000000000000000000000000000000000000000000000000000000000000000000000000000000000000000000000000000000000000000000000000000000000000000000000000000000000000000000000000000000000000000000000000000000000000000000000000000000000000000000000000000000000000000000000
00000000000000000000000000000000000000000000000000000000000000000000000000000000000000000000000000000000000000000000000000000000000000000000000000000000000000000000000000000000000000000000000000000000000000000000000000000000000000000000000000000000000000000000000000000000000000000000000000000000000000000000000000000000000000000000000000000000000000000000000000000000000000000000000000000000000000000000000000000000000000000000000000000000000000000000000000000000000000000000000
00000000000000000000000000000000000000000000000000000000000000000000000000000000000000000000000000000000000000000000000000000000000000000000000000000000000000000000000000000000000000000000000000000000000000000000000000000000000000000000000000000000000000000000000000000000000000000000000000000000000000000000000000000000000000000000000000000000000000000000000000000000000000000000000000000000000000000000000000000000000000000000000000000000000000000000000000000000000000000000000
00000000000000000000000000000000000000000000000000000000000000000000000000000000000000000000000000000000000000000000000000000000000000000000000000000000000000000000000000000000000000000000000000000000000000000000000000000000000000000000000000000000000000000000000000000000000000000000000000000000000000000000000000000000000000000000000000000000000000000000000000000000000000000000000000000000000000000000000000000000000000000000000000000000000000000000000000000000000000000000000
00000000000000000000000000000000000000000000000000000000000000000000000000000000000000000000000000000000000000000000000000000000000000000000000000000000000000000000000000000000000000000000000000000000000000000000000000000000000000000000000000000000000000000000000000000000000000000000000000000000000000000000000000000000000000000000000000000000000000000000000000000000000000000000000000000000000000000000000000000000000000000000000000000000000000000000000000000000000000000000000
00000000000000000000000000000000000000000000000000000000000000000000000000000000000000000000000000000000000000000000000000000000000000000000000000000000000000000000000000000000000000000000000000000000000000000000000000000000000000000000000000000000000000000000000000000000000000000000000000000000000000000000000000000000000000000000000000000000000000000000000000000000000000000000000000000000000000000000000000000000000000000000000000000000000000000000000000000000000000000000000
00000000000000000000000000000000000000000000000000000000000000000000000000000000000000000000000000000000000000000000000000000000000000000000000000000000000000000000000000000000000000000000000000000000000000000000000000000000000000000000000000000000000000000000000000000000000000000000000000000000000000000000000000000000000000000000000000000000000000000000000000000000000000000000000000000000000000000000000000000000000000000000000000000000000000000000000000000000000000000000000
00000000000000000000000000000000000000000000000000000000000000000000000000000000000000000000000000000000000000000000000000000000000000000000000000000000000000000000000000000000000000000000000000000000000000000000000000000000000000000000000000000000000000000000000000000000000000000000000000000000000000000000000000000000000000000000000000000000000000000000000000000000000000000000000000000000000000000000000000000000000000000000000000000000000000000000000000000000000000000000000
00000000000000000000000000000000000000000000000000000000000000000000000000000000000000000000000000000000000000000000000000000000000000000000000000000000000000000000000000000000000000000000000000000000000000000000000000000000000000000000000000000000000000000000000000000000000000000000000000000000000000000000000000000000000000000000000000000000000000000000000000000000000000000000000000000000000000000000000000000000000000000000000000000000000000000000000000000000000000000000000
00000000000000000000000000000000000000000000000000000000000000000000000000000000000000000000000000000000000000000000000000000000000000000000000000000000000000000000000000000000000000000000000000000000000000000000000000000000000000000000000000000000000000000000000000000000000000000000000000000000000000000000000000000000000000000000000000000000000000000000000000000000000000000000000000000000000000000000000000000000000000000000000000000000000000000000000000000000000000000000000
00000000000000000000000000000000000000000000000000000000000000000000000000000000000000000000000000000000000000000000000000000000000000000000000000000000000000000000000000000000000000000000000000000000000000000000000000000000000000000000000000000000000000000000000000000000000000000000000000000000000000000000000000000000000000000000000000000000000000000000000000000000000000000000000000000000000000000000000000000000000000000000000000000000000000000000000000000000000000000000000
0000000000000000000000000000000000000000000000000000000000000000000000000000000000000000000000000000000000000000000000000000000000000000000000000000000000000000000000000000000000000000000000000000000000000000000000000000000000000000000000000000000000000000000000000000000000000000000000000000000000000000000000000000000000000000000000000000000000000000000000000000000000000000000000000000000000000000000000000000000000000000000000000000000000000000R00R000000000000000000000000000
00000000000000000000000000000000000000000000000000000000000000000000000000000000000000000000000000000000000000000000000000000000000000000000000000000000000000000000000000000000000000000000000000000000000000000000000000000000000000000000000000RR0R0000000000000000000000000000000000000000000000000000000000000000000000000000000000000000000000000000000000000000000000000000000000000000000000000000000000000000000000000000000000000000000000000000000000R000R00000000000000000000000000
0000000000000000000000000000000000000000000000000000000000000000000000000000000000000000000000000000000000000000000000000000000000000000000000000000000000000000000000000000000000000000000000000000000000000000000000000000000000000000000000000000000000000000000000000000000000000000000000000000000000000000000000000000000000000000000000000000000000000000000000000000000000000000000000000000000000000000000000000000000000000000000000000000000000000000Q0Q000R000000000000000000000000
00000000000000000000000000000000000000000000000000000000000000000000000000000000000000000000000000000000000000000000000000000000000000000000000000000000000000000000000000000000000000000000000000000000000000000000000000000000000000000000000QQ00MM0000RRR0000000000000000000000000000000000000000000000000000000000000000000000000000000000000000000000000000000000000000000000000000000000000000000000000000000000000000000000000000000000000000000000000000Pt7&0R0000000000000000000000000
00000000000000000000000000000000000000000000000000000000000000000000000000000000000000000000000000000000000000000000000000000000000000000000000000000000000000000000000000000000000000000000000000000000000000000000000000000000000000000000RR0HKQQEmHQH$N00R00000000000000000000000000000000000000000000000000000000000000000000000000000000000000000000000000000000000000000000000000000000000R000R0R000000000000000000000000000000000000000000000000000000RQ8l ;VRM0Q00000R00000000000000000
000000000000000000000000000000000000000000000000000000000000000000000000000000000000000000000000000000000000000000000000000000000000000000000000000000000000000000000000000000000000000000000000000000000000000000000000000000000000000000RRRR0ky6bp[5g#PQQ000000000000000000000000000000000000000000000000000000000000000000000000000000000000000000000000000000000000000000000000000000000000R00R00000000000000000000000000000000000000000000000000000000000N#__yBRQ0R00000000000000000000000
00000000000000000000000000000000000000000000000000000000000000000000000000000000000000000000000000000000000000000000000000000000000000000000000000000000000000000000000000000000000000000000000000000000000000000000000000000000000000000R00RRMDb#)=:`:]VEbD0Q0000000000000000000000000000000000000000000000000000000000000000000000000000000000000000000000000000000000000000000000000000000000R00QQQ0000000000000000000000000000000000000000000000000000000QS+.TWQ0RRR00000000000000000000000
0000000000000000000000000000000000000000000000000000000000000000000000000000000000000000000000000000000000000000000000000000000000000000000000000000000000000000000000000000000000000000000000000000000000000000000000000000000000000000000R00UmJjc' . \fP8WRR00000000000000000000000000000000000000000000000000000000000000000000000000000000000000000000000000000000000000000000000000000000000RK&H00RRR00000000000000000000000000000000000000000000000000QZ< *@QRRR0000000R00000000000000000
00000000000000000000000000000000000000000000000000000000000000000000000000000000000000000000000000R000000000R00000000000000000000000000000000000000000000000000000000000000000000000000000000000000000000000000000000000000000000000000000000RRM0NF| .._xTXDQQQQ0000Q000RR0RRRR0000000000000000000000000000000000000000000000000000000000000000000000000000000000000000000000000000000000000000R0Rgc|tYRRR0RRR0000000000000000000000000000000000000000000RRQN? vbQRRRR0RR0000000000000000000000
0000000000000000000000000000000000000000000000000000000000000000000000000000000000000000000000000R000000QQQ0R0R0000000000000000000000000000000000000000000000000000000000000000000000000000000000000000000000000000000000000000000000000000000QR4*,.      _<7h$0QQQQQQQ000RRRRR0000000000000000000000000000000000000000000000000000000000000000000000000000000000000000000000000000000000000000000QZ{ %Y0MRRR0R0000000000000000000000000000000000000000R000NT-_V0R00000000000000000000000000000
000000000000000000000000000000000000000000000000000000000000000000000000000000000000000000000000R000QQQ0GC5$R0R000000000000000000000000000000000000000000000000000000000000000000000000000000000000000000000000000000000000000000000000000Q0QQKf/ .`     ..  `"1m80QW@UD0QMMR00R0000000000000000000000000000000000000000000000000000000000000000000000000000000000000000000000000000000000000000QQQQ&].*A00MR0R0000000000000000000000000000000000000000M00Q6^`nW000000R000000000000000000000000
00000000000000000000000000000000000000000000000000000000000000000000000000000000000000000000000Q0QQMZEAq= }A0RR000000000000000000000000000000000000000000000000000000000000000000000000000000000000000000000000000000000000000000000000Q000QDmc_                .)t2j>=>tPMRMRRRR000000000000000000000000000000000000000000000000000000000000000000000000000000000000000000000000000000000000000R0QD4[`,FWQQQQQ0000000R0R0000000R00000R0000000000000000M0QY% !NQ0000000000000000000000000000000
00000000000000000000000000000000000000000000000000000000000000000000000000000000000000000000000000QBu:^, :#@MNR00000000000000000000000000000000000000000000000000000000000000000000000000000000000000000000000000000000000000000000000R0QQRE{_                      .    >6@WMRRR000000000000000000000000000000000000000000000000000000000000000000000000000000000000000000000000000000000000000M00RPl` ^r7fmPKQQQQQQ00R000000R00R0R000000000000000000Q0QK! iG000000000000000000000000000000000
00000000000000000000000000000000000000000000000000000000000000000000000000000000000000000000000000QNm"  .`;lVMQR00000000000000000000000000000000000000000000000000000000000000000000000000000000000000000000000000000000000000000000Q0BHWH5|                            :akR00RRR000000000000000000000000000000000000000000000000000000000000000000000000000000000000000000000000000000000000000M0QUL/. .    :|!u5PKNQQQQQQQQQQQQQQR00R000000RR000000R0MMT`=SR000000000000000000000000000000000
00000000000000000000000000000000000000000000000000000000000000000000000000000000000000000000000QQQHn=..    .=akQ000000000000000000000000000000000000000000000000000000000000000000000000000000000000000000000000000000000000000RR0008Eqeci:                           `<FWQRR0RR0000000000000000000000000000000000000000000000000000000000000000000000000000000000000000000000000000000000000000RQkl-.      ..    _|%1fqh8$&BBV*cabR00000000RRR00000000RS+.#WQ000000000000000000000000000000000
00000000000000000000000000000000000000000000000000000000000000000000000000R00000000000R00000QQQN$S]_    ,|..  )mR0Q0000000000000000000000000000000000000000000000000000000000000000000000000000000000000000000000000000000000000000Q@y}i:  .                          :#WQR0RRR000000000000000000000000000000000000000000000000000000000000000000000000000000000000000000000000000000000R000000RQY{-.    .              .^^;)\:   fM0R00000000R0R0000Q0G\ ]B0R000000000000000000000000000000000
000000000000000000000000000000000000000000000000000000000000000000000000000R0R00R000000QQQQM@EnI>. .   .^r"   :CQQQ0000000000000000000000000000000000000000000000000000000000000000000000000000000000000000000000000000000000000000Q0MAJ).                             /uUQ0RRR00000000000000000000000000000000000000000000000000000000000000000000000000000000000000000000000000000000R0R00R0RQ@{.      .                      -ib0NRRRRRR000RRQ00R0Q$l %kQR0000000000000000000000000000000000
00000000000000000000000000000000000000000000000000000000000000000000000000000QQQ0RRRR0QM@EJr\'           `' `+JW0Q000R0R00000000000000000000000000000000000000000000000000000000000000000000000000000000000000000000000000000000R000QQQQO7;                             `LDQRRR00000000000000000000000000000000000000000000000000000000000000000000000000000000000000000000000000000000R0R00MR0Ke`                              vU0MM0RRRRR000R0Q0Q0QBn."hMR00000000000000000000000000000000000
0000000000000000000000000000000000000000000000000000000000000000000000000M00HPYMQQQQDEJr/-                 _igQ0Q0000R0000000000000000000000000000000000000000000000000000000000000000000000000000000000000000000000000000000000R00000RQRg<  .                           iGQRRRR0000000000000000000000000000000000000000000000000000000000000000000000000000000000000000000000000000000000R0QRNu:                               c@QM0RRRRRR0000R000RQS';fB000R000000000000000000000000000000000
00000000000000000000000000000000000000000000000000000000000000000000000RRRWpv_:rq@8y)`                   ..`vG0R00000R00000000000000000000000000000000000000000000000000000000000000000000000000000000000000000000000000000000000000000QNF|                              ^FR0RRR000000000000000000000000000000000000000000000000000000000000000000000000000000000000000000000000000000RR00QMMQb"                                lOQMRRR0RRRR0000Q00QX>.oK00R00R00000000000000000000000000000000
000000000000000000000000000000000000000000000000000000000000000000000000R0WF)   `"/`  .                      /2NQ000QR00000000000000000000000000000000000000000000000000000000000000000000000000000000000000000000000000000000000000000QW6\                             -/tk0RR000000000000000000000000000000000000000000000000000000000000000000000000000000000000000000000000R000000R0QB4a]n[_                                `v38QRRRRR00R00000QUl %8Q00RRR000000000000000000000000000000000
0000000000000000000000000000000000000000000000000000000000000000000000000RQ0Yx ..  ..                         :#NQ0000Q0000000000000000000000000000000000000000000000000000000000000000000000000000000000000000000000000000000000000000QWgl_                            <6XAR00Q000000000000000RQQQQQQQQ00000000000000000000000000000000000000000000000000000000000000000000000000QQQQ0QHL:                                       .x4NRR00RR000QQQBz.;E0000R00000000000000000000000000000000000
0000000000000000000000000000000000000000000000000000000000000000000000000RR0Mg:                                =gQQ000Q0000000000000000000000000000000000000000000000000000000000000000000000000000000000000000000000000000000000RR00Q0Q0@3)                            <PQ0WBWMQQQQ0000R00R0R0Q0@PgFgbKRQ00000000000000000000000000000000000000000000000000000000000000000000000000000QV>-   ..                                    |pW0R000Q0MQRWy' CR00R00R0000000000000000000000000000000000
000000000000000000000000000000000000000000000000000000000000000000000000000RQY:                                 )TYNQQQR0000000000000000000000000000000000000000000000000000000000000000000000000000000000000000000000000000000000000QQ00Q8e: .                       . -eE#x<)?T5SbWQ0RR0000QWqI"'  -;)zbRQ0000000000000000000000000000000000000000000000000000000000000000000000000000W8P31| ..                                  . "b0RR0R00RMQS=.]K00000000000000000000000000000000000000000
0000000000000000000000000000000000000000000000000000000000000000000000000R00D#_                                   ^*LLwO00000000000000000000000000000000000000000000000000000000000000000000000000000000000000000000000000000000000000000Qk?`                         .. :+`      ."FWBDRQQQQA[_         >2DQ0000000000000000000000000000000000000000000000000000000000000000000000000000QQ0R&w>`                                  . .4RRR00Q00Q8).!A0R0000000000000000000000000000000000000000
00000000000000000000000000000000000000000000000000000000000000000000000Q0RQb{'`                                    .%wPBQ0000000000000000000000000000000000000000000000000000000000000000000000000000000000000000000000000000000000000QQQQk]_                                       ^xvij6Spj< .. .       ;#H00000000000000000000000000000000000000000000000000000000000000000000000000000R0MQQPx`                                 . .4RRR0000Q@! ig00R00000000000000000000000000000000R0QQQQQQ
0000000000000000000000000000000000000000000000000000000000000000R000000Q0RX%  .                                  _}VMQQ00000000000000000000000000000000000000000000000000000000000000000000000000000000000000000000000000000000000000000R00DT:                                          .``-. .            vYQR0000000000000000000000000000000000000000000000000000000000000000000000000000000Qkx. .                               -+%GRR0R00QWL`:FM0R0R000000000R000R0000000000000Q0Q0QMAgdSpd
0000000000000000000000000000000000000000000000000000000000000000R000000RMX)                                     |6NQRRRR00000000000000000000000000000000000000000000000000000000000000000000000000000000000000000000000000000000000000000R0Qgi`.                     _=' \ojI=            ..            .. \gQ000000000000000000000000000000000000000000000000000000000000000000000000000000RR0Wt'  .                              "LfK0R00QQNV; #M0R00R0000R00000000000RR0RQQQQQQNH&XGbZ7+,+:'
000000000000000000000000000000000000000000000000000000000000000000000Q0RMd^ .                                  .vbQ0RRRR000000000000000000000000000000000000000000000000000000000000000000000000000000000000000000000000000000000000000000QM2/                        _:`-vn6I`          `;:.            ..lGR00000000000000000000000000000000000000000000000000000000000000000000000000000000Q0p; `                               |4DQQQQQQ0Zc I@0RRR000000000Q0QQQQQQQQQ0D@AZd6ntl\:;,"/    .
00000000000000000000000000000000000000000000000000000000000000000000000RMDhr..`.                                :LWQ00R0000000000000000000000000000000000000000000000000000000000000000000000000000000000000000000000000000000000000QQMDWWW@5)`                             '^`            .              ,fWQRR000000000000000000000000000000000000000000000000000000000000000000000000000000QQKs.  .                             :?Jy5gOD0&1-rOQ0RQ0QR0QQQQQ0MB@AgS5wwj1*v/;_'`              
000000000000000000000000000000000000000000000000000000000000000000000000RMQU*;i                                 `*YQ00R000000000000000000000000000000000000000000000000000000000000000000000000000000000000000000000000000000000RRR0Wd1%cc%)+-                                                           ;TKQ00000000000000000000000000000000000000000000000000000000000000000000000000000000000Qd<                                    ._=lI>_ 5@WRWMDK&bh63n1?c>"^`                           
00000000000000000000000000000000000000000000000000000000000000000000000000RM@gn                                  /gQ0RQ0000000000000000000000000000000000000000000000000000000000000000000000000000000000000000000000000000000000RR0G%   .                                                     .       ^IVNQ0R00000000000000000000000000000000000000000000000000000000000000000000000000000000RR0Rp"                                  ..       /)>c%c<|^_                                      
0000000000000000000000000000000000000000000000000000000000000000000000000000QQ3                                  :3R00Q0000000000000000000000000000000000000000000000000000000000000000000000000000000000000000000000000000000000R0Qkl                                                         'v{scv{#YRQ0R0000000000000000000000000000000000000000000000000000000000000000000000000000000000000QRm<                                 ..                                                       
0000000000000000000000000000000000000000000000000000000000000000000000000000Q@a                                  :#NQ0Q000000000000000000000000000000000000000000000000000000000000000000000000000000000000000000000000000000000000QKT+                                                        `\jORBWQQR0R0000000000000000000000000000000000000000000000000000000000000000000000000000000000000Q0QRE\                                                                                       's
000000000000000000000000000000000000000000000000000000000000000000000000000RQ@1                                  '7KQQ0000000000000000000000000000000000000000000000000000000000000000000000000000000000000000000000000000000000000R0Wgi                                                         .v6BQRRR00000000000000000000000000000000000000000000000000000000000000000000000000000000000000QMAgHQX%`                                                                   .=>\>srrrsr*sr?jTfgB
00000000000000000000000000000000000000000000000000000000000000000000000Q0M0R0M6^                                 ;fWQQQQ000000000000000000000000000000000000000000000000000000000000000000000000000000000000000000000000000000000000RQRJ`                                  `_                      :[bR000000000000000000000000000000000000000000000000000000000000000000000000000000000000000QH#|_inPT++"::+-                                                  -:|c}tTLfgEG&@DHRNMMRR0RRQQQQQQ
00000000000000000000000000000000000000000000000000000000000000000000000QRMR0R081;`                              -[8QQ0QQ0000000000000000000000000000000000000000000000000000000000000000000000000000000000000000000000000000000000QQQ0Q8u"                                 'vt[x\"^:'`            `  !&0RR00000000000000000000000000000000000000000000000000000000000000000000000000000000R0000g\ .  '`';;:`;`                                           `'/x!oVbUDM0QQQQQQQQQQ0000000Q000000R0
00000000000000000000000000000000000000000000000000000000000000000000000000000QRKS{<IIv:                        'oAQRQ0Q00000000000000000000000000000000000000000000000000000000000000000000000000000000000000000000000000000000000QQQ00QRg>                                 .vVWD@UAZgftv^_       . _nD0RR0000000000000000000000000000000000000000000000000000000000000000000000000000000RQ00QKt_ ..                                                   ;1mZ&WMQQQQQQ00000000RRRR000000000000000
0000000000000000000000000000000000000000000000000000000000000000R00000000Q0QQQ00NbhGG3|                .:`  . /#HQR000000000000000000000000000000000000000000000000000000000000000000000000000000000000000000000000000000000000000000000QMg]/`                                )gRQQQQQQ0DOgf1v=-  'cmDRRR00000000000000000000000000000000000000000000000000000000000000000000000000000000000MQD]_ .                                                ._)aEBQQQQ00R0000000000000000000000000000000
00000000000000000000000000000000000000000000000000000000000000000000QQQQQQ0Ay1!}c<;'_`                 _%;xe[LYRR000Q000000000000000000000000000000000000000000000000000000000000000000000000000000000000000000000000000000000000000QQQ00QQR&g5Jc`                            .j$R0RR00QQQQQQWAdpFPD00R000000000000000000000000000000000000000000000000000000000000000000000000000000000Q0RQRRQXx`                                               +nmXH0QQ00000000000000000000000000000000000000
00000000000000000000000000000000000000R0000000R000000R00000000000Q000QQWRb7".                           `-\n@QQQ0QQ0Q0R0000000000000000000000000000000000000000000000000000000000000000000000000000000000000000000000000000000000000000000QQQQQQA[-                            vdM000R00000000QQQQQQ00000000000000000000000000000000000000000000000000000000000000000000000000000000000R00000MQK]_                                              `wMQQQQ0000000R00000000000000000000000000000000
000000000000000000000000R00R0000000000QQQQ00QQQQQQQQ000000000000RR0QR$Sj1;  ..                             -IYQQR000000000000000000000000000000000000000000000000000000000000000000000000000000000000000000000000000000000000000000000000000Q0RRQbl  .                         =2N0000000000000R00000000000000000000000000000000000000000000000000000000000000000000000000000000000000000000RRQEi..                                         .   rA0M00Q0000000000000000000000000000000000000000
000000000000000000RR000000RRR0QQQQQQRQNU&@K@ZPbkk&KWMR0QQQQQQQ00RMWku\_.. .....                             .sZQQRQ0Q00000000000000000000000000000000000000000000000000000000000000000000000000000000000000000000000000000000000000000000Q00Q00R0My; .                         :THQRR00000000000000000000000000000000000000000000000000000000000000000000000000000000000000000000000000R00000R0Wu,                                         ...+jbRRRR0R0RRR000000000000000000000000000000000000
0000000000000000R00RMNWB@$UU8U8k$&OGk4Joo#u[c\ir*[jJ6mShXPGGGGGGZdu>.     `....                              .%gBRR00R0000000000000000000000000000000000000000000000000000000000000000000000000000000000000000000000000000000000000000000QQ000RR0Qb{`                          -o@QRR00RR0000000000000000000000000000000000000000000000000000000000000000000000000000000000000000000000R00R00RRQE\                                           .#WQ0000RR0RR0000000000000000000000000000000000000
0000000000000000R000&gfJTw##Tja???!}*>:-;+;:`   .`__:,;^\<<<<<<)/;-     ......                                 '?ZR0RR0000000000000000000000000000000000000000000000000000000000000000000000000000000000000000000000000000000000000000000000000000M3;                          .a$QRR0000000000000000000000000000000000000000000000000000000000000000000000000000000000000000000000000000000000Q8!_                                           =FN0R00RRRR00000000000000000000000000000000000000
0000000000000000R0Hh1>=,',,:'_```                                          ...                                 :TK0RR00000000000000000000000000000000000000000000000000000000000000000000000000000000000000000000000000000000000000000000000000Q0RKu:                           [UQRR0000000000000000000000000000000000000000000000000000000000000000000000000000000000000000000000000000000000QRN5}>,                                         \P0NR0RRR000000000000000000000000000000000000000
00000000000000000$o=  .        ..                                           ..                                '7N0R0000R000000000000000000000000000000000000000000000000000000000000000000000000000000000000000000000000000000000000000000000000RM8o'                           1$QR00000000000000000000000000000000000000000000000000000000000000000000000000000000000000000000000000000000000000Q0@P6t\-                                   . .e$0R0R00000000000000000000000000000000000000000
00000000000000000V,_vv: ;x]1{</:`                                                                          . .%PQRQ0RR00000000000000000000000000000000000000000000000000000000000000000000000000000000000000000000000000000000000000000000000000000Kdo=                         !8QRR000000000000000000000000000000000000000000000000000000000000000000000000000000000000000000000000000000000000000QQQQKhzc'                                   "ER0R000000000000000000000000000000000000000000
00000000000000000PLG8{<JZDRQNK$GVT{_.` =*c,_  ,^/)<\:'_` ``- `--`:+)?#gPXXXV\,.                              .xGRR0RR000000000000000000000000000000000000000000000000000000000000000000000000000000000000000000000000000000000000000000000000000000QNp)                        ^fBQ000000000000000000000000000000000000000000000000000000000000000000000000000000000000000000000000000000000000000000000RQQBT+  .                                mR00R00000000000000000000000000000000000000000
0000000000000000R00Q0HKQQ0000QQQ$Ji  /zO0WkXVhXG$DWBAb4hqd4Eg4Eg4bKBQQQMRMMME\`                              .i4M0RRR0000000000000000000000000000000000000000000000000000000000000000000000000000000000000000000000000000000000000000000000000000QQDF<                       .vmW0R0Q000000000000000000000000000000000000000000000000000000000000000000000000000000000000000000000000000000000000000000RQRRQWJ; .                              . yM0RR00000000000000000000000000000000000000000
000000000000000000000QQ00Q000R0Ry^;{wbQQ0QQQQQQQQQRDbgdhghV4&&888U&&AA&8$HDgc-                               -!A0RRRRRR000000000000000000000000000000000000000000000000000000000000000000000000000000000000000000000000000000000000000000000000RRDhr-                        -TMQR0Q0R000000000000000000000000000000000000000000000000000000000000000000000000000000000000000000000000000000000000000000000RQHt_                                 SWRRR00000000000000000000000000000000000000000
00000000000000000000000000R00000KGYWQQ0000R000RRRHEw}lslvlr*7uT#CCCwCwwwJ6T|-                                -*AQM0RR0R0000000000000000000000000000000000000000000000000000000000000000000000000000000000000000000000000000000000000000R0000000Q$L^                           <5DQ0000000000000000000000000000000000000000000000000000000000000000000000000000000000000000000000000000000000000000000000000M0QOr`                               :EMM00000RRR00000000000000000000000000000000000
00000000000000000000000000000000QQQQ0RR000000000Rds;   --` `,;:=|||||""/;='                                  .\4Q00000R00000000000000000000000000000000000000000000000000000000000000000000000000000000000000000000000000000000000000000000QRRQ8a'                             ^fWMM000000000000000000000000000000000000000000000000000000000000000000000000000000000000000000000000000000000000000000000R00R0Qu:                               =XRM00000RRR00000000000000000000000000000000000
0000000000000000000000000000000000R0000000000000Rgi:16nv_/x<-.                                                'uRQR0000000000000000000000000000000000000000000000000000000000000000000000000000000000000000000000000000000000000000000000R0QR0Ka. .                             |SNMR000000000000000000000000000000000000000000000000000000000000000000000000000000000000000000000000000000000000000000R000Q0QRj'                               +XMM00000RRR00000000000000000000000000000000000
0000000000000000000000000000000000000000000000000DOVMQ3_eSS[ .                                                -tBQR0000000000000000000000000000000000000000000000000000000000000000000000000000000000000000000000000000000000000000000000RR00W5/ .                               lOQRR00000000000000000000000000000000000000000000000000000000000000000000000000000000000000000000000000000000000000000000000Q8r..                              /PMM0R000RRR00000000000000000000000000000000000