00000000000000000000000000000000000000000000000000000000000000000000000000000000000000000000000000000000000000000000000000000000000000000000000000000000000000000000000000000000000000000000000000000000000000000000000000000000000000000000000000000000000000000000000000000000000000000000000000000000000000000000000000000000000000000000000000000000000000000000000000000000000000000000000000000000000000000000000000000000000000000000000000000000000000000000000000000000000000000000000
00000000000000000000000000000000000000000000000000000000000000000000000000000000000000000000000000000000000000000000000000000000000000000000000000000000000000000000000000000000000000000000000000000000000000000000000000000000000000000000000000000000000000000000000000000000000000000000000000000000000000000000000000000000000000000000000000000000000000000000000000000000000000000000000000000000000000000000000000000000000000000000000000000000000000000000000000000000000000000000000
00000000000000000000000000000000000000000000000000000000000000000000000000000000000000000000000000000000000000000000000000000000000000000000000000000000000000000000000000000000000000000000000000000000000000000000000000000000000000000000000000000000000000000000000000000000000000000000000000000000000000000000000000000000000000000000000000000000000000000000000000000000000000000000000000000000000000000000000000000000000000000000000000000000000000000000000000000000000000000000000
00000000000000000000000000000000000000000000000000000000000000000000000000000000000000000000000000000000000000000000000000000000000000000000000000000000000000000000000000000000000000000000000000000000000000000000000000000000000000000000000000000000000000000000000000000000000000000000000000000000000000000000000000000000000000000000000000000000000000000000000000000000000000000000000000000000000000000000000000000000000000000000000000000000000000000000000000000000000000000000000
00000000000000000000000000000000000000000000000000000000000000000000000000000000000000000000000000000000000000000000000000000000000000000000000000000000000000000000000000000000000000000000000000000000000000000000000000000000000000000000000000000000000000000000000000000000000000000000000000000000000000000000000000000000000000000000000000000000000000000000000000000000000000000000000000000000000000000000000000000000000000000000000000000000000000000000000000000000000000000000000
00000000000000000000000000000000000000000000000000000000000000000000000000000000000000000000000000000000000000000000000000000000000000000000000000000000000000000000000000000000000000000000000000000000000000000000000000000000000000000000000000000000000000000000000000000000000000000000000000000000000000000000000000000000000000000000000000000000000000000000000000000000000000000000000000000000000000000000000000000000000000000000000000000000000000000000000000000000000000000000000
00000000000000000000000000000000000000000000000000000000000000000000000000000000000000000000000000000000000000000000000000000000000000000000000000000000000000000000000000000000000000000000000000000000000000000000000000000000000000000000000000000000000000000000000000000000000000000000000000000000000000000000000000000000000000000000000000000000000000000000000000000000000000000000000000000000000000000000000000000000000000000000000000000000000000000000000000000000000000000000000
00000000000000000000000000000000000000000000000000000000000000000000000000000000000000000000000000000000000000000000000000000000000000000000000000000000000000000000000000000000000000000000000000000000000000000000000000000000000000000000000000000000000000000000000000000000000000000000000000000000000000000000000000000000000000000000000000000000000000000000000000000000000000000000000000000000000000000000000000000000000000000000000000000000000000000000000000000000000000000000000
00000000000000000000000000000000000000000000000000000000000000000000000000000000000000000000000000000000000000000000000000000000000000000000000000000000000000000000000000000000000000000000000000000000000000000000000000000000000000000000000000000000000000000000000000000000000000000000000000000000000000000000000000000000000000000000000000000000000000000000000000000000000000000000000000000000000000000000000000000000000000000000000000000000000000000000000000000000000000000000000
00000000000000000000000000000000000000000000000000000000000000000000000000000000000000000000000000000000000000000000000000000000000000000000000000000000000000000000000000000000000000000000000000000000000000000000000000000000000000000000000000000000000000000000000000000000000000000000000000000000000000000000000000000000000000000000000000000000000000000000000000000000000000000000000000000000000000000000000000000000000000000000000000000000000000000000000000000000000000000000000
00000000000000000000000000000000000000000000000000000000000000000000000000000000000000000000000000000000000000000000000000000000000000000000000000000000000000000000000000000000000000000000000000000000000000000000000000000000000000000000000000000000000000000000000000000000000000000000000000000000000000000000000000000000000000000000000000000000000000000000000000000000000000000000000000000000000000000000000000000000000000000000000000000000000000000000000000000000000000000000000
00000000000000000000000000000000000000000000000000000000000000000000000000000000000000000000000000000000000000000000000000000000000000000000000000000000000000000000000000000000000000000000000000000000000000000000000000000000000000000000000000000000000000000000000000000000000000000000000000000000000000000000000000000000000000000000000000000000000000000000000000000000000000000000000000000000000000000000000000000000000000000000000000000000000000000000000000000000000000000000000
00000000000000000000000000000000000000000000000000000000000000000000000000000000000000000000000000000000000000000000000000000000000000000000000000000000000000000000000000000000000000000000000000000000000000000000000000000000000000000000000000000000000000000000000000000000000000000000000000000000000000000000000000000000000000000000000000000000000000000000000000000000000000000000000000000000000000000000000000000000000000000000000000000000000000000000000000000000000000000000000
00000000000000000000000000000000000000000000000000000000000000000000000000000000000000000000000000000000000000000000000000000000000000000000000000000000000000000000000000000000000000000000000000000000000000000000000000000000000000000000000000000000000000000000000000000000000000000000000000000000000000000000000000000000000000000000000000000000000000000000000000000000000000000000000000000000000000000000000000000000000000000000000000000000000000000000000000000000000000000000000
00000000000000000000000000000000000000000000000000000000000000000000000000000000000000000000000000000000000000000000000000000000000000000000000000000000000000000000000000000000000000000000000000000000000000000000000000000000000000000000000000000000000000000000000000000000000000000000000000000000000000000000000000000000000000000000000000000000000000000000000000000000000000000000000000000000000000000000000000000000000000000000000000000000000000000000000000000000000000000000000
00000000000000000000000000000000000000000000000000000000000000000000000000000000000000000000000000000000000000000000000000000000000000000000000000000000000000000000000000000000000000000000000000000000000000000000000000000000000000000000000000000000000000000000000000000000000000000000000000000000000000000000000000000000000000000000000000000000000000000000000000000000000000000000000000000000000000000000000000000000000000000000000000000000000000000000000000000000000000000000000
00000000000000000000000000000000000000000000000000000000000000000000000000000000000000000000000000000000000000000000000000000000000000000000000000000000000000000000000000000000000000000000000000000000000000000000000000000000000000000000000000000000000000000000000000000000000000000000000000000000000000000000000000000000000000000000000000000000000000000000000000000000000000000000000000000000000000000000000000000000000000000000000000000000000000000000000000000000000000000000000
00000000000000000000000000000000000000000000000000000000000000000000000000000000000000000000000000000000000000000000000000000000000000000000000000000000000000000000000000000000000000000000000000000000000000000000000000000000000000000000000000000000000000000000000000000000000000000000000000000000000000000000000000000000000000000000000000000000000000000000000000000000000000000000000000000000000000000000000000000000000000000000000000000000000000000000000000000000000000000000000
00000000000000000000000000000000000000000000000000000000000000000000000000000000000000000000000000000000000000000000000000000000000000000000000000000000000000000000000000000000000000000000000000000000000000000000000000000000000000000000000000000000000000000000000000000000000000000000000000000000000000000000000000000000000000000000000000000000000000000000000000000000000000000000000000000000000000000000000000000000000000000000000000000000000000000000000000000000000000000000000
00000000000000000000000000000000000000000000000000000000000000000000000000000000000000000000000000000000000000000000000000000000000000000000000000000000000000000000000000000000000000000000000000000000000000000000000000000000000000000000000000000000000000000000000000000000000000000000000000000000000000000000000000000000000000000000000000000000000000000000000000000000000000000000000000000000000000000000000000000000000000000000000000000000000000000000000000000000000000000000000
00000000000000000000000000000000000000000000000000000000000000000000000000000000000000000000000000000000000000000000000000000000000000000000000000000000000000000000000000000000000000000000000000000000000000000000000000000000000000000000000000000000000000000000000000000000000000000000000000000000000000000000000000000000000000000000000000000000000000000000000000000000000000000000000000000000000000000000000000000000000000000000000000000000000000000000000000000000000000000000000
00000000000000000000000000000000000000000000000000000000000000000000000000000000000000000000000000000000000000000000000000000000000000000000000000000000000000000000000000000000000000000000000000000000000000000000000000000000000000000000000000000000000000000000000000000000000000000000000000000000000000000000000000000000000000000000000000000000000000000000000000000000000000000000000000000000000000000000000000000000000000000000000000000000000000000000000000000000000000000000000
0000000000000000000000000000000000000000000000000000000000000000000000000000000000000000000000000000000000000000000000000000000000000000000000000000000000000000000000000000000000000000000000000000000000000000000000000000000000000000000000000000000000000000000000000000000000000000000000000000000000000000000000000000000000000000000000000000000000000000000000000000000000000000000000Q000000000000000000000000000000000000000000000000000000000000000000000000000000000000000000000000
000000000000000000000000000000000000000000000000000000000000000000000000000000000000000000000000000000000000000000000000000000000000000000000000000000000000000RRRR0000000000000000000000000000000000000000000000000000000000000000000000000000000000000000000000000000000000000000000000000000000000000000000000000000000000000000000000000000000000000000000000000000000000000000000000000000000000000000000000000000000000000000000000000000000000000000000000000000000000000000000000000000
0000000000000000000000000000000000000000000000000000000000000000000000000000000000000000000000000000000000000000000000000000000000000000000000000000000000000000RR00000000000000000000000000000000000000000000000000000000000000000000000000000000000000000000000000000000000000000000000000000000000000000000000000000000000000000000000000000000000000000000000000000000000000000000000000000000000000000000000000000000000000000000000000000000000000000000000000000000000000000000000000000
00000000000000000000000000000000000000000000000000000000000000000000000000000000000000000000000000000000000000000000000000000000000000000000000000000000000000000000000000000000000000000000000000000000000000000000000000000000000000000000000000000000000000000000000000000000000000000000000000000000000000000000000000000000000000000000000000000000000000000000000000000000000000000000000000000000000000000000000000000000000000000000000000000000000000000000000000000000000000000000000
00000000000000000000000000000000000000000000000000000000000000000000000000000000000000000000000000000000000000000000000000000000000000000000000000000000000000000000000000000000000000000000000000000000000000000000000000000000000000000000000000000000000000000000000000000000000000000000000000000000000000000000000000000000000000000000000000000000000000000000000000000000000000000000000000000000000000000000000000000000000000000000000000000000000000000000000000000000000000000000000
00000000000000000000000000000000000000000000000000000000000000000000000000000000000000000000000000000000000000000000000000000000000000000000000000000000000000000000000000000000000000000000000000000000000000000000000000000000000000000000000000000000000000000000000000000000000000000000000000000000000000000000000000000000000000000000000000000000000000000000000000000000000000000000000000000000000000000000000000000000000000000000000000000000000000000000000000000000000000000000000
00000000000000000000000000000000000000000000000000000000000000000000000000000000000000000000000000000000000000000000000000000000000000000000000000000000000000000000000000000000000000000000000000000000000000000000000000000000000000000000000000000000000000000000000000000000000000000000000000000000000000000000000000000000000000000000000000000000000000000000000000000000000000000000000000000000000000000000000000000000000000000000000000000000000000000000000000000000000000000000000
00000000000000000000000000000000000000000000000000000000000000000000000000000000000000000000000000000000000000000000000000000000000000000000000000000000000000000000000000000000000000000000000000000000000000000000000000000000000000000000000000000000000000000000000000000000000000000000000000000000000000000000000000000000000000000000000000000000000000000000000000000000000000000000000000000000000000000000000000000000000000000000000000000000000000000000000000000000000000000000000
00000000000000000000000000000000000000000000000000000000000000000000000000000000000000000000000000000000000000000000000000000000000000000000000000000000000000000000000000000000000000000000000000000000000000000000000000000000000000000000000000000000000000000000000000000000000000000000000000000000000000000000000000000000000000000000000000000000000000000000000000000000000000000000000000000000000000000000000000000000000000000000000000000000000000000000000000000000000000000000000
00000000000000000000000000000000000000000000000000000000000000000000000000000000000000000000000000000000000000000000000000000000000000000000000000000000000000000000000000000000000000000000000000000000000000000000000000000000000000000000000000000000000000000000000000000000000000000000000000000000000000000000000000000000000000000000000000000000000000000000000000000000000000000000000000000000000000000000000000000000000000000000000000000000000000000000000000000000000000000000000
00000000000000000000000000000000000000000000000000000000000000000000000000000000000000000000000000000000000000000000000000000000000000000000000000000000000000000000000000000000000000000000000000000000000000000000000000000000000000000000000000000000000000000000000000000000000000000000000000000000000000000000000000000000000000000000000000000000000000000000000000000000000000000000000000000000000000000000000000000000000000000000000000000000000000000000000000000000000000000000000
00000000000000000000000000000000000000000000000000000000000000000000000000000000000000000000000000000000000000000000000000000000000000000000000000000000000000000000000000000000000000000000000000000000000000000000000000000000000000000000000000000000000000000000000000000000000000000000000000000000000000000000000000000000000000000000000000000000000000000000000000000000000000000000000000000000000000000000000000000000000000000000000000000000000000000000000000000000000000000000000
0000000000000000000000000000000000000000000000000000000000000000000000000000000000000000000000000000000000000000000000000000000000000000000000000000000000000000000000000000000000000000000000000000000000000000Q000000000000000000000000000000000000000000000000000000000000000000000000000000000000000000000000000000000000000000000000000000000000000000000000000000000000000000000000000000000000000000000000000000000000000000000000000000000000000000000000000000000000000000000000000000
00000000000000000000000000000000000000000000000000000000000000000000000000000000000000000000000000000000000000000000000000000000000000000000000000000000000000000000000000000000000000000000000000000000000000000000000000000000000000000000000000000000000000000000000000000000000000000000000000000000000000000000000000000000000000000000000000000000000000000000000000000000000000000000000000000000000000000000000000000000000000000000000000000000000000000000000000000000000000000000000
00000000000000000000000000000000000000000000000000000000000000000000000000000000000000000000000000000000000000000000000000000000000000000000000000000000000000000000000000000000000000000000000000000000000000000000000000000000000000000000000000000000000000000000000000000000000000000000000000000000000000000000000000000000000000000000000000000000000000000000000000000000000000000000000000000000000000000000000000000000000000000000000000000000000000000000000000000000000000000000000
00000000000000000000000000000000000000000000000000000000000000000000000000000000000000000000000000000000000000000000000000000000000000000000000000000000000000000000000000000000000000000000000000000000000000000000000000000000000000000000000000000000000000000000000000000000000000000000000000000000000000000000000000000000000000000000000000000000000000000000000000000000000000000000000000000000000000000000000000000000000000000000000000000000000000000000000000000000000000000000000
00000000000000000000000000000000000000000000000000000000000000000000000000000000000000000000000000000000000000000000000000000000000000000000000000000000000000000000000000000000000000000000000000000000000000000000000000000000000000000000000000000000000000000000000000000000000000000000000000000000000000000000000000000000000000000000000000000000000000000000000000000000000000000000000000000000000000000000000000000000000000000000000000000000000000000000000000000000000000000000000
00000000000000000000000000000000000000000000000000000000000000000000000000000000000000000000000000000000000000000000000000000000000000000000000000000000000000000000000000000000000000000000000000000000000000000000000000000000000000000000000000000000000000000000000000000000000000000000000000000000000000000000000000000000000000000000000000000000000000000000000000000000000000000000000000000000000000000000000000000000000000000000000000000000000000000000000000000000000000000000000
00000000000000000000000000000000000000000000000000000000000000000000000000000000000000000000000000000000000000000000000000000000000000000000000000000000000000000000000000000000000000000000000000000000000000000000000000000000000000000000000000000000000000000000000000000000000000000000000000000000000000000000000000000000000000000000000000000000000000000000000000000000000000000000000000000000000000000000000000000000000000000000000000000000000000000000000000000000000000000000000
00000000000000000000000000000000000000000000000000000000000000000000000000000000000000000000000000000000000000000000000000000000000000000000000000000000000000000000000000000000000000000000000000000000000000000000000000000000000000000000000000000000000000000000000000000000000000000000000000000000000000000000000000000000000000000000000000000000000000000000000000000000000000000000000000000000000000000000000000000000000000000000000000000000000000000000000000000000000000000000000
00000000000000000000000000000000000000000000000000000000000000000000000000000000000000000000000000000000000000000000000000000000000000000000000000000000000000000000000000000000000000000000000000000000000000000000000000000000000000000000000000000000000000000000000000000000000000000000000000000000000000000000000000000000000000000000000000000000000000000000000000000000000000000000000000000000000000000000000000000000000000000000000000000000000000000000000000000000000000000000000
00000000000000000000000000000000000000000000000000000000000000000000000000000000000000000000000000000000000000000000000000000000000000000000000000000000000000000000000000000000000000000000000000000000000000000000000000000000000000000000000000000000000000000000000000000000000000000000000000000000000000000000000000000000000000000000000000000000000000000000000000000000000000000000000000000000000000000000000000000000000000000000000000000000000000000000000000000000000000000000000
00000000000000000000000000000000000000000000000000000000000000000000000000000000000000000000000000000000000000000000000000000000000000000000000000000000000000000000000000000000000000000000000000000000000000000000000000000000000000000000000000000000000000000000000000000000000000000000000000000000000000000000000000000000000000000000000000000000000000000000000000000000000000000000000000000000000000000000000000000000000000000000000000000000000000000000000000000000000000000000000
00000000000000000000000000000000000000000000000000000000000000000000000000000000000000000000000000000000000000000000000000000000000000000000000000000000000000000000000000000000000000000000000000000000000000000000000000000000000000000QQ0000000000000000000000000000000000000000000000000000000000000000000000000000000000000000000000000000000000000000000000000000000000000000000000000000000000000000000000000000000000000000000000000000000000000000000000000000000000000000000000000000
00000000000000000000000000000000000000000000000000000000000000000000000000000000000000000000000000000000000000000000000000000000000000000000000000000000000000000000000000000000000000000000000000000000000000000000000000000000000000000000000000000000000000000000000000000000000000000000000000000000000000000000000000000000000000000000000000000000000000000000000000000000000000000000000000000000000000000000000000000000000000000000000000000000000000000000000000000000000000000000000
00000000000000000000000000000000000000000000000000000000000000000000000000000000000000000000000000000000000000000000000000000000000000000000000000000000000000000000000000000000000000000000000000000000000000000000000000000000000000000000000000000000000000000000000000000000000000000000000000000000000000000000000000000000000000000000000000000000000000000000000000000000000000000000000000000000000000000000000000000000000000000000000000000000000000000000000000000000000000000000000
00000000000000000000000000000000000000000000000000000000000000000000000000000000000000000000000000000000000000000000000000000000000000000000000000000000000000000000000000000000000000000000000000000000000000000000000000000000000000000000000000000000000000000000000000000000000000000000000000000000000000000000000000000000000000000000000000000000000000000000000000000000000000000000000000000000000000000000000000000000000000000000000000000000000000000000000000000000000000000000000
00000000000000000000000000000000000000000000000000000000000000000000000000000000000000000000000000000000000000000000000000000000000000000000000000000000000000000000000000000000000000000000000000000000000000000000000000000000000000000000000000000000000000000000000000000000000000000000000000000000000000000000000000000000000000000000000000000000000000000000000000000000000000000000000000000000000000000000000000000000000000000000000000000000000000000000000000000000000000000000000
00000000000000000000000000000000000000000000000000000000000000000000000000000000000000000000000000000000000000000000000000000000000000000000000000000000000000000000000000000000000000000000000000000000000000000000000000000000000000000000000000000000000000000000000000000000000000000000000000000000000000000000000000000000000000000000000000000000000000000000000000000000000000000000000000000000000000000000000000000000000000000000000000000000000000000000000000000000000000000000000
00000000000000000000000000000000000000000000000000000000000000000000000000000000000000000000000000000000000000000000000000000000000000000000000000000000000000000000000000000000000000000000000000000000000000000000000000000000000000000000000000000000000000000000000000000000000000000000000000000000000000000000000000000000000000000000000000000000000000000000000000000000000000000000000000000000000000000000000000000000000000000000000000000000000000000000000000000000000000000000000
00000000000000000000000000000000000000000000000000000000000000000000000000000000000000000000000000000000000000000000000000000000000000000000000000000000000000000000000000000000000000000000000000000000000000000000000000000000000000000000000000000000000000000000000000000000000000000000000000000000000000000000000000000000000000000000000000000000000000000000000000000000000000000000000000000000000000000000000000000000000000000000000000000000000000000000000000000000000000000000000
00000000000000000000000000000000000000000000000000000000000000000000000000000000000000000000000000000000000000000000000000000000000000000000000000000000000000000000000000000000000000000000000000000000000000000000000000000000000000000000000000000000000000000000000000000000000000000000000000000000000000000000000000000000000000000000000000000000000000000000000000000000000000000000000000000000000000000000000000000000000000000000000000000000000000000000000000000000000000000000000
00000000000000000000000000000000000000000000000000000000000000000000000000000000000000000000000000000000000000000000000000000000000000000000000000000000000000000000000000000000000000000000000000000000000000000000000000000000000000000000000000000000000000000000000000000000000000000000000000000000000000000000000000000000000000000000000000000000000000000000000000000000000000000000000000000000000000000000000000000000000000000000000000000000000000000000000000000000000000000000000
00000000000000000000000000000000000000000000000000000000000000000000000000000000000000000000000000000000000000000000000000000000000000000000000000000000000000000000000000000000000000000000000000000000000000000000000000000000000000000000000000000000000000000000000000000000000000000000000000000000000000000000000000000000000000000000000000000000000000000000000000000000000000000000000000000000000000000000000000000000000000000000000000000000000000000000000000000000000000000000000
00000000000000000000000000000000000000000000000000000000000000000000000000000000000000000000000000000000000000000000000000000000000000000000000000000000000000000000000000000000000000000000000000000000000000000000000000000000000000000000000000000000000000000000000000000000000000000000000000000000000000000000000000000000000000000000000000000000000000000000000000000000000000000000000000000000000000000000000000000000000000000000000000000000000000000000000000000000000000000000000
000000000000000000000000R0000000000000000000000000000000000000000000000000000000000000000000000000000000000000000000000000000000000000000000000000000000000000000000000000000000000000000000000000000000000000000000000000000000000000000000000000000000000000000000000000000000000000000000000000000000000000000000000000000000000000000000000000000000000000000000000000000000000000000000000000000000000000000000000000000000000000000000000000000000000000000000000000000000000000000000000
00000000000000000000000000000000000000000000000000000000000000000000000000000000000000000000000000000000000000000000000000000000000000000000000000000000000000000000000000000000000000000000000000000000000000000000000000000000000000000000000000000000000000000000000000000000000000000000000000000000000000000000000000000000000000000000000000000000000000000000000000000000000000000000000000000000000000000000000000000000000000000000000000000000000000000000000000000000000000000000000
00000000000000000000000000000000000000000000000000000000000000000000000000000000000000000000000000000000000000000000000000000000000000000000000000000000000000000000000000000000000000000000000000000000000000000000000000000000000000000000000000000000000000000000000000000000000000000000000000000000000000000000000000000000000000000000000000000000000000000000000000000000000000000000000000000000000000000000000000000000000000000000000000000000000000000000000000000000000000000000000
00000000000000000000000000000000000000000000000000000000000000000000000000000000000000000000000000000000000000000000000000000000000000000000000000000000000000000000000000000000000000000000000000000000000000000000000000000000000000000000000000000000000000000000000000000000000000000000000000000000000000000000000000000000000000000000000000000000000000000000000000000000000000000000000000000000000000000000000000000000000000000000000000000000000000000000000000000000000000000000000
00000000000000000000000000000000000000000000000000000000000000000000000000000000000000000000000000000000000000000000000000000000000000000000000000000000000000000000000000000000000000000000000000000000000000000000000000000000000000000000000000000000000000000000000000000000000000000000000000000000000000000000000000000000000000000000000000000000000000000000000000000000000000000000000000000000000000000000000000000000000000000000000000000000000000000000000000000000000000000000000
00000000000000000000000000000000000000000000000000000000000000000000000000000000000000000000000000000000000000000000000000000000000000000000000000000000000000000000000000000000000000000000000000000000000000000000000000000000000000000000000000000000000000000000000000000000000000000000000000000000000000000000000000000000000000000000000000000000000000000000000000000000000000000000000000000000000000000000000000000000000000000000000000000000000000000000000000000000000000000000000
0000000000000000000000000000000000000000000000000000000000000000000000000000000000000000000000000000000000000000R000000000000000000000000000000000000000000000000000000000000000000000000000000000000000000000000000000000000000000000000000000000000000000000000000000000000000000000000000000000000000000000000000000000000000000000000000000000000000000000000000000000000000000000000000000000000000000000000000000000000000000000000000000000000000000000000000000000000000000000000000000
0000000000000000000000000000000000RRRR000000000000000000000000000000000000000000000000000000000000000000000000000000000000000000000000000000000000000000000000000000000000000000000000000000000000000000000000000000000000000000000000000000000000000000000000000000000000000000000000000000000000000000000000000000000000000000000000000000000000000000000000000000000000000000000000000000000000000000000000000000000000000000000000000000000000000000000000000000000000000000000000000000000
0000000000000000000000000000000000RRRR000000000000000000000000000000000000000000000000000000000000000000000000000000000000000000000000000000000000000000000000000000000000000000000000000000000000000000000000000000000000000000000000000000000000000000000000000000000000000000000000000000000000000000000000000000000000000000000000000000000000000000000000000000000000000000000000000000000000000000000000000000000000000000000000000000000000000000000000000000000000000000000000000000000
00000000000000000000000000000000000000000000000000000000000000000000000000000000000000000000000000000000000000000000000000000000000000000000000000000000000000000000000000000000000000000000000000000000000000000000000000000000000000000000000000000000000000000000000000000000000000000000000000000000000000000000000000000000000000000000000000000000000000000000000000000000000000000000000000000000000000000000000000000000000000000000000000000000000000000000000000000000000000000000000
00000000000000000000000000000000000000000000000000000000000000000000000000000000000000000000000000000000000000000000000000000000000000000000000000000000000000000000000000000000000000000000000000000000000000000000000000000000000000000000000000000000000000000000000000000000000000000000000000000000000000000000000000000000000000000000000000000000000000000000000000000000000000000000000000000000000000000000000000000000000000000000000000000000000000000000000000000000000000000000000
00000000000000000000000000000000000000000000000000000000000000000000000000000000000000000000000000000000000000000000000000000000000000000000000000000000000000000000000000000000000000000000000000000000000000000000000000000000000000000000000000000000000000000000000000000000000000000000000000000000000000000000000000000000000000000000000000000000000000000000000000000000000000000000000000000000000000000000000000000000000000000000000000000000000000000000000000000000000000000000000
00000000000000000000000000000000000000000000000000000000000000000000000000000000000000000000000000000000000000000000000000000000000000000000000000000000000000000000000000000000000000000000000000000000000000000000000000000000000000000000000000000000000000000000000000000000000000000000000000000000000000000000000000000000000000000000000000000000000000000000000000000000000000000000000000000000000000000000000000000000000000000000000000000000000000000000000000000000000000000000000
00000000000000000000000000000000000000000000000000000000000000000000000000000000000000000000000000000000000000000000000000000000000000000000000000000000000000000000000000000000000000000000000000000000000000000000000000000000000000000000000000000000000000000000000000000000000000000000000000000000000000000000000000000000000000000000000000000000000000000000000000000000000000000000000000000000000000000000000000000000000000000000000000000000000000000000000000000000000000000000000
0000000000000000000000000000000000000000000000000000000000000000RRR0000000000000000000000000000000000000000000000000000000000000000000000000000000000000000000000000000000000000000000000000000000000000000000000000000000000000000000000000000000000000000000000000000000000000000000000000000000000000000000000000000000000000000000000000000000000000000000000000000000000000000000000000000000000000000000000000000000000000000000000000000000000000000000000000000000000000000000000000000
0000000000000000000000000000000000000000000000000000000000000000R000000000000000000000000000000000000000000000000000000000000000000000000000000000000000000000000000000000000000000000000000000000000000000000000000000000000000000000000000000000000000000000000000000000000000000000000000000000000000000000000000000000000000000000000000000000000000000000000000000000000000000000000000000000000000000000000000000000000000000000000000000000000000000000000000000000000000000000000000000
00000000000000000000000000000000000000000000000000000000000000000000000000000000000000000000000000000000000000000000000000000000000000000000000000000000000000000000000000000000000000000000000000000000000000000000000000000000000000000000000000000000000000000000000000000000000000000000000000000000000000000000000000000000000000000000000000000000000000000000000000000000000000000000000000000000000000000000000000000000000000000000000000000000000000000000000000000000000000000000000
00000000000000000000000000000000000000000000000000000000000000000000000000000000000000000000000000000000000000000000000000000000000000000000000000000000000000000000000000000000000000000000000000000000000000000000000000000000000000000000000000000000000000000000000000000000000000000000000000000000000000000000000000000000000000000000000000000000000000000000000000000000000000000000000000000000000000000000000000000000000000000000000000000000000000000000000000000000000000000000000
00000000000000000000000000000000000000000000000000000000000000000000000000000000000000000000000000000000000000000000000000000000000000000000000000000000000000000000000000000000000000000000000000000000000000000000000000000000000000000000000000000000000000000000000000000000000000000000000000000000000000000000000000000000000000000000000000000000000000000000000000000000000000000000000000000000000000000000000000000000000000000000000000000000000000000000000000000000000000000000000
00000000000000000000000000000000000000000000000000000000000000000000000000000000000000000000000000000000000000000000000000000000000000000000000000000000000000000000000000000000000000000000000000000000000000000000000000000000000000000000000000000000000000000000000000000000000000000000000000000000000000000000000000000000000000000000000000000000000000000000000000000000000000000000000000000000000000000000000000000000000000000000000000000000000000000000000000000000000000000000000
00000000000000000000000000000000000000000000000000000000000000000000000000000000000000000000000000000000000000000000000000000000000000000000000000000000000000000000000000000000000000000000000000000000000000000000000000000000000000000000000000000000000000000000000000000000000000000000000000000000000000000000000000000000000000000000000000000000000000000000000000000000000000000000000000000000000000000000000000000000000000000000000000000000000000000000000000000000000000000000000
00000000000000000000000000000000000000000000000000000000000000000000000000000000000000000000000000000000000000000000000000000000000000000000000000000000000000000000000000000000000000000000000000000000000000000000000000000000000000000000000000000000000000000000000000000000000000000000000000000000000000000000000000000000000000000000000000000000000000000000000000000000000000000000000000000000000000000000000000000000000000000000000000000000000000000000000000000000000000000000000
00000000000000000000000000000000000000000000000000000000000000000000000000000000000000000000000000000000000000000000000000000000000000000000000000000000000000000000000000000000000000000000000000000000000000000000000000000000000000000000000000000000000000000000000000000000000000000000000000000000000000000000000000000000000000000000000000000000000000000000000000000000000000000000000000000000000000000000000000000000000000000000000000000000000000000000000000000000000000000000000
00000000000000000000000000000000000000000000000000000000000000000000000000000000000000000000000000000000000000000000000000000000000000000000000000000000000000000000000000000000000000000000000000000000000000000000000000000000000000000000000000000000000000000000000000000000000000000000000000000000000000000000000000000000000000000000000000000000000000000000000000000000000000000000000000000000000000000000000000000000000000000000000000000000000000000000000000000000000000000000000
00000000000000000000000000000000000000000000000000000000000000000000000000000000000000000000000000000000000000000000000000000000000000000000000000000000000000000000000000000000000000000000000000000000000000000000000000000000000000000000000000000000000000000000000000000000000000000000000000000000000000000000000000000000000000000000000000000000000000000000000000000000000000000000000000000000000000000000000000000000000000000000000000000000000000000000000000000000000000000000000
00000000000000000000000000000000000000000000000000000000000000000000000000000000000000000000000000000000000000000000000000000000000000000000000000000000000000000000000000000000000000000000000000000000000000000000000000000000000000000000000000000000000000000000000000000000000000000000000000000000000000000000000000000000000000000000000000000000000000000000000000000000000000000000000000000000000000000000000000000000000000000000000000000000000000000000000000000000000000000000000
00000000000000000000000000000000000000000000000000000000000000000000000000000000000000000000000000000000000000000000000000000000000000000000000000000000000000000000000000000000000000000000000000000000000000000000000000000000000000000000000000000000000000000000000000000000000000000000000000000000000000000000000000000000000000000000000000000000000000000000000000000000000000000000000000000000000000000000000000000000000000000000000000000000000000000000000000000000000000000000000
00000000000000000000000000000000000000000000000000000000000000000000000000000000000000000000000000000000000000000000000000000000000000000000000000000000000000000000000000000000000000000000000000000000000000000000000000000000000000000000000000000000000000000000000000000000000000000000000000000000000000000000000000000000000000000000000000000000000000000000000000000000000000000000000000000000000000000000000000000000000000000000000000000000000000000000000000000000000000000000000
00000000000000000000000000000000000000000000000000000000000000000000000000000000000000000000000000000000000000000000000000000000000000000000000000000000000000000000000000000000000000000000000000000000000000000000000000000000000000000000000000000000000000000000000000000000000000000000000000000000000000000000000000000000000000000000000000000000000000000000000000000000000000000000000000000000000000000000000000000000000000000000000000000000000000000000000000000000000000000000000
00000000000000000000000000000000000000000000000000000000000000000000000000000000000000000000000000000000000000000000000000000000000000000000000000000000000000000000000000000000000000000000000000000000000000000000000000000000000000000000000000000000000000000000000000000000000000000000000000000000000000000000000000000000000000000000000000000000000000000000000000000000000000000000000000000000000000000000000000000000000000000000000000000000000000000000000000000000000000000000000
00000000000000000000000000000000000000000000000000000000000000000000000000000000000000000000000000000000000000000000000000000000000000000000000000000000000000000000000000000000000000000000000000000000000000000000000000000000000000000000000000000000000000000000000000000000000000000000000000000000000000000000000000000000000000000000000000000000000000000000000000000000000000000000000000000000000000000000000000000000000000000000000000000000000000000000000000000000000000000000000
00000000000000000000000000000000000000000000000000000000000000000000000000000000000000000000000000000000000000000000000000000000000000000000000000000000000000000000000000000000000000000000000000000000000000000000000000000000000000000000000000000000000000000000000000000000000000000000000000000000000000000000000000000000000000000000000000000000000000000000000000000000000000000000000000000000000000000000000000000000000000000000000000000000000000000000000000000000000000000000000
00000000000000000000000000000000000000000000000000000000000000000000000000000000000000000000000000000000000000000000000000000000000000000000000000000000000000000000000000000000000000000000000000000000000000000000000000000000000000000000000000000000000000000000000000000000000000000000000000000000000000000000000000000000000000000000000000000000000000000000000000000000000000000000000000000000000000000000000000000000000000000000000000000000000000000000000000000000000000000000000
00000000000000000000000000000000000000000000000000000000000000000000000000000000000000000000000000000000000000000000000000000000000000000000000000000000000000000000000000000000000000000000000000000000000000000000000000000000000R0000QQQQQQQQQQQQQQQQQQQQQQ0Q000000000000R000000000000000000000000000000000000000000000000000000000000000000000000000000000000000000000000000000000000000000000000000000000000000000000000000000000000000000000000000000000000000000000000000000000000000000
0000000000000000000000000000000000000000000000000000000000000000000000000000000000000000000000000000000000000000000000000000000000000000000000000000000000000000000000000000000000000000000000000000000000000000000000000R00QQQQQQQQQ0RMMB$$K8k8K$$$$@$U888$DNMMRQQQQQQQQ00000R00R0000000000000000000000000000000000000000000000000000000000000000000000000000000000000000000000000000000000000000000000000000000000000000000000000000000000000000000000000000000000000000000000000000000000000
0000000000000000000000000000000000000000000000000000000000000000000000000000000000000000000000000000000000000000000000000000000000000000000000000000000000000000000000000000000000000000000000000000000000000000000RR0QQQQQ0NKAYbd5Tz[*rc</+"/=/|///////++=)vl}s*of6VY@DN0QQQQQQ000000000000000000000000000000000000000000000000000000000000000000000000000000000000000000000000000000000000000000000000000000000000000000000000000000000000000000000000000000000000000000000000000000000000000
0000000000000000000000000000000000000000000000000000000000000000000000000000000000000000000000000000000000000000000000000000000000000000000000000000000000000000000000000000000000000000000000000000000000R000Q0QQ00QN@kd3oIl<;,'.                                 . '+<xIupgG8HRQQQQQQ00000000000000000000000000000000000000000000000000000000000000000000000000000000000000000000000000000000000000000000000000000000000000000000000000000000000000000000000000000000000000000000000000000000
000000000000000000000000000000000000000000000000000000000000000000000000000000000000000000000000000000000000000000000000000000000000000000000000000000000000000000000000000000000000000000000000000000R000QQQQB@8VJz]%|:                                                     _^\r[L6Z$WRQQQQ00RRRRR00RRR000000000000000000000000000000000000000000000000000000000000000000000000000000000000000000000000000000000000000000000000000000000000000000000000000000000000000000000000000000000000000
000000000000000000000000000000000000000000000000000000000000000000000000000000000000000000000000000000000000000000000000000000000000000000000000000000000000000000000000000000000000000000000000000QQQQQQW&hw7l|+_                                                                  '=)*j6P8DRQQ0RRRRRRRR00000000000000000000000000000000000000000000000000000000000000000000000000000000000000000000000000000000000000000000000000000000000000000000000000000000000000000000000000000000000000
000000000000000000000000000000000000000000000000000000000000000000000000000000000000000000000000000000000000000000000000000000000000000000000000000000000000000000000000000000000000000000000000QQQR$GSTIi/'                                                                       ..     :<soJhAWRQQQRRRRRRRR000000000000000000000000000000000000000000000000000000000000000000000000000000000000000000000000000000000000000000000000000000000000000000000000000000000000000000000000000000000
00000000000000000000000000000000000000000000000000000000000000000000000000000000000000000000000000000000000000000000000000000000000000000000000000000000000000000000000000000000000000000R00QQQN&h#?<:                                                                               ..        `+loFZ@MQQRRRRRR00000000000000000000000000000000000000000000000000000000000000000000000000000000000000000000000000000000000000000000000000000000000000000000000000000000000000000000000000000000
000000000000000000000000000000000000000000000000000000000000000000000000000000000000000000000000000000000000000000000000000000000000000000RRRR0000000000000000000RR000000000000RRRRRRRRR0QQMkmTs=-                                                                                   ... .```       '|IFYD0QQ0RRR000RR0000000000000000000000000000000000000000000000000000000000000000000000000000000000000000000000000000000000000000000000000000000000000000000000000000000000000000000000000
00000000000000000000000000000000000000000000000000000000000000000000000000000000000000000000000000000000000000000000000000000000000000RRRRRRRR00RRRRRRRRRRRRRRRRRRR00000000000RRRRMMR0QQDX#{/.                                                                                                         .^itS8NQQ000000R000000000000000000000000000000000000000000000000000000000000000000000000000000000000000000000000000000000000000000000000000000000000000000000000000000000000000000000000
00000000000000000000000000000000000000000000000000000000000000000000000000000000000000000000000000000000000000000000000000000000QQQQQQQQQ0000RMNNNNNNNNNMNNNNMNRQQQQQQQQQQQ00RRRRR00QNZJ>_                                                                                                                  "]p@0QQ0000000000000000QQQQQQQQQQQQQQQQQQQQQQQQQQQQQQQQQ00000000000RRR0000000000000000000000000000000000000000000000000000000000000000000000000000000000000000000000000000000000000
0000000000000000000000000000000000000000000000000000000000000000000000000000000000000000000000000000000000000000000R00RRRRQQQQ0MNBDUAGhFJJJToIcvvvvvvvvvvvvvvvvx!jC3pdXbAKM00QQQQ0HPfr_                                                                                                                        /tEBQQQ000QQ0QQQQQ0RNB$O&kX4hS6pFFFFF5FF25SVXGAU$KBNWN0QQQ00RRRRRRRRRRRR0RR00000000000000000000000000000000000000000000000000000000000000000000000000000000000000000000000000000
00000000000000000000000000000000000000000000000000000000000000000000000000000000000000000000000000000000R0R00RRRMR0QQQQQN@YXg2#L!rv<;:-.                              `',|xIawSXby>'                                                                                                                             ,{5&QQQRH@ZV5#j1I{v\+/:`.               .`_';=<ir}t7w2dPYO$KBMMRRRRRRRRR0RRRR0000000000000000000000000000000000000000000000000000000000000000000000000000000000000000000000000
00000000000000000000000000000000000000000000000000000000000000000000000000000000000000000000000000000000R0QQQ0MWNK8kPdgFn]v|:_                                                 ';`                                                                                                                                 .>oyuI<=_.             ..                         .-=)>v}aLTp4ZOUHWMRRRRR0RRRRR000000000000000000000000000000000000000000000000000000000000000000000000000000000000000000000
00000000000000000000000000000000000000000000000000000000000000000000000000000000000000000000000000QQQ000QRMNUOPdmJ1*)"''-                                                                                                                                                                                                                                                  `-':/<%*owSPOUDNMRRRRRRRRRRRRRRRR00000000000000000000000000000000000000000000000000000000000000000000000000000000000
000000000000000000000000000000000000000000000000000000000000000000000000000000000000000000000R0RRRR0RNK$8Gm3T1s%\='``.  .    . .                                                                                                                                                                                           ..                                                      -;\l?ofqVPA$HBWMRMMRMRRRRRRR00000000000000000000000000000000000000000000000000000000000000000000000000000000
0000000000000000000000000000000000000000000000000000000000000000000000000000000000000RRRRR0M00RWK8OkG4my[{\=_-...  ..  ..  ..  ........... .                                                                                                                                                                                                                                           ._^<x?7w6db&DBMMMMRRRRRR00000000000000000000000000000000000000000000000000000000000000000000000000000000
0000000000000000000000000000000000000000000000000000000000000000000000000000000000000R0R00RMWK&kXSJ7]s)"_`                                                                                                                                                                                                                                                                                 ._;"i{tn2SPO$HWMMRRR0RR00RR0RR0000000000000000000000000000000000000000000000000000000000000000000000
00000000000000000000000000000000000000000000000000000000000000000000000000R000R00000RRRMWKkGh6wn?r)=^,'-..                                                                                                                                                                                                                                                                                    .`_:+>r[jwpdZA@BWNMMRRMMRRRRRRR0R0000000000000000000000000000000000000000000000000000000000000000
00000000000000000000000000000000000000000000000000000000000000000000000000RQ00R0RMNMBH@8d6JL[l)=:_`   ..                                                                                                                                                                                                                                                                                           ._,/v{1jJ5SEbA@DNNNMRMRRRRRRRRRR000000000000000000000000000000000000000000000000000000000000
000000000000000000000000000000000000000000000000000000000000000000000000R00000RNH8ZX4S5wo!c</:.                                                                                                                                                                                                                                                                                                    . .`';">x*tLfFgg&KBMRRRMMMRRRRRRRRRR00000000000000000000000000000000000000000000000000000000
00000000000000000000000000000000000000000000000000000000000000000000000000RBH$UAZd2J#o*x|;`.                                                                                                                                                                                                                                                                                                         ..  .._^<c[ouJFgEbA@DWMMMMRRRRRRRR00000000000000000000000000000000000000000000000000000000
000000000000000000000000000000000000000000000000000000000000000000000QRRWK$APVpf7aIs%)^:.                                                                                                                                                                                                                                                                                                               .   .`-^|irtjJ2gdPk&@DBNMMRRRRRRRRR0000000000000000000000000000000000000000000000000000
000000000000000000000000000000000000000000000000000000000000000000RRNND@ZXd6wut*<|+^_`.                                                                                                                                                                                                                                                                                                                          .-+>c*7TypSdXb8DWMMMRRRRRRRRRR000000000000000000000000000000000000000000000000
0000000000000000000000000000000000000000000000000000000000000000MMDK$&YXyJLa{ci)..                                                                                                                                                                                                                                                                                                                               . ._,/>r]oTfFS4ZAHBWNMMMMMRRRR000000000000000000000000000000000000000000000000
00000000000000RR00000000000000000000000000000000000000000000Q0RMYYPEhSFw!}r>;:_.                                                                                                                                                                                                                                                                                                                                 .  .`_:+<c?euw5qhPbA8KBWNMMMRMRRRR00000000000000000000000000000000000000000000
0000000000000000000000000000000000000000000000000R00000QQ0MWD$AY4Vm2Lot}</'`..                                                                     .     .-                                                                                                                                                                                .                                                                            ._;\%rI[Lw5Fg4Gk$BNMMMMRRRRRRRR0000000000000000000000000000000000000000
00000000000000000000000000000000000000000000000000R0R0RMND$&ZEhqJu7ts%<|'`                                                                           ./lLt<.                                                                                                                                                                               `/r]>-                                                                          _,=)>l!zLJ2qdPYUDWNNMMRRRRRR0000000000000000000000000000000000000000
0000000000000000000000000000000000000000000000000QRRNNDKkZgh2wTj[Ic<;;-`                                                                           ,%m&YL/..                                                                                                                                                                                <2DDh]".                                                                        .`:="<ls]ouwpVXZYAUHWMRRRRRRRRR000000000000000000000000000000000000
00000000000000000000000000000000000000000000R00RNWDH8&YGgp2Co1!{>";-                                                                        .   ;{2bNHJ+                                                                                                                                                                                     ,L@Q0$F*;                                                                        .`_:;/)r!eLCFmhdEb&HWMRRRRRRR0RR000000000000000000000000000000000
00000000000000000000000000000000000000000RQ000RW$&kbPEVmwuLtsvi"_`                                                                        .  .iTG@QQY!-                                                                                                                                                                                        1AQQQBda|.                                                                      . . `:+>cIaLLw5mgEZA@BNMRRRRRRRR00000000000000000000000000000000
00000000000000000000000000000000000000000R000MB8ZEdSm5yT!*r%\/^_                                                                       .-  =IfYRQQNg<                                                                                                                                                                                          .{4MQQQRZn<.                                                                       . .`_=\cI]eLJ26g4GO$BNMRRRRRR00000000000000000000000000000000
00000000000000000000000000000000000000000RMRDUbEm2yJTjo]>|+;:`.                                                                         _xfUNQQQQ@f"                                                                                                                                                                                             )SKR0QQNXL:                                                                       ....`'^)%{]aj#36SdPkUHWMMMRRRR000000000000000000000000000000
000000000000000000000000000000000R000R0RMDU&Pgg6wTLeIrc<'`                                                                           .,cSOQQ0QQQAe^`                                                                                                                                                                                              ;oARQQ0RMg[,                                                                         .``_^|v{!tj#yFSdXY8KDWNMR0000000000000000000000000000000
000000000000000000000000000000000RRRRRNW8OPEqpyJt]?r</^'`                                                                           :*m$MMR00QRP%  -                                                                                                                                                                                             . `*EMR0QQQRX7;                                                                          .`_;"ir?1zTfFqVXbO&$KM0000000000000000000000000000000
000000000000000000000000000000000MBDBHUAVS5yJT7tr%)|=_`.                                                                          `vdKRQQ000QRh/  .                                                                                                                                                                                                 `%wORQ00QQQSr_                                                                           .`:/>cI17uw2mhEGYAUDN00RR0RR0000000000000000000000
000000000000000000000000R000000RB@AkOYgd2yTja]{c|+;'_                                                                      .`   'lFHQQQ0000QBf| .                                                                                                                                                                                                    `|nKQ00000QUJ|                                                                             `'^<x*[oLJ26g4PbO8HNRRRRRRR00000000000000000000
000000000000000000000000000R0RMN$&ZPEVm5Lo[Ir%</.                                                                           . :rqKQRNRRRR0QMS/ .                                                                                                                                                                                                       iXRQRRRRR0WA*                                                                           ...._^)%{!aL#3pg4Xbk8KWRRRRRRR000000000000000000
000000000000000000000000000QMWKUGggq2fTL[Ilv\/:`                                                                       .`   _vpKQ00RMMRMR0MG*                                                                                                                                                                                                          'L@QRRRR0RRQ8o|.                                                                        ...```_,)%{!tjTypSdXZk8@WMRRRR0RRR00000000000000
0000000000000000000000000RMN$&bPhq2fL7[Ic%<|;'`.                                                                        ` `)FORRRRRRRRRMMMKf=                                                                                                                                                                                                           >dRRM0RR0RR0ROC=                                                                         ...`-`:|vs}!t7TwFqhEZk&@BMMMRRRR00000000000000
00000000000000000R0RR0RRMBKUYPdg5wnL[}rv|^__.                                                                      ..   `iwAQQMMR000R0RRRRbr .                                                                                                                                                                                                          `sPR0R00RRRRRQQdr-   .                                                                       . .'/>xr*?[ej#yFS4XbA$HWMRRRR0000R00000000
0000000000000000RR0R0RNW@&YPEh62TLe1rv)^:.                                                                          .  ,yOM0QQQQR0RRRRRRQBJ_                                                                                                                                                                                                             'JH0RRRRRRRRRRQB5)                                                                              -^|<%r{?[oLJypS4PYA@DWMRR00R0R00000000
00000000000000RRRMMMRRBKZXdSF3Jut]*s<"=`                                                                           .'^7XRMR0RQ0R00RRRR00Q8I                                                                                                                                                                                                               iPNRRRRRRRRR00Q0bc`                                                                             `_;"<vl*]ajTf5qVXGk8@WRRR000000000000
0000000000000RRRRMWBDK&Yhq5wnza!sc)\;:`.                                                                           _*V0QNNMRRRRRRRRRRR0QWy^                                                                                                                                                                                                             .  tkRQ000RRRRR0RQQKL^                                                                              ._;|)%sI1ouJ3pgdXbO$WRRRRRRRRRRRRRR
0000000000000R00RMBK8YP42f#zt!}l)/^,_-.                                                                          :1EWRMRNMMMMRRRRR0RR0QR4>                                                                                                                                                                                                                 |gRRR0RR0RR0RRR0QMGL:                                                                             .`^/\ix{ItouJ26gEPYAKBNNNNMMMRRRRR
00000000000000RRDH$OPdg6JL7[}l%<+:_`..                                                                         .x5KQRRMRMMMMRRRRRR0RR0Wgs.                                                                                                                                                                                                                 .lPM0RRRRR0RRRRRRQQQ3=                                                                             ._:=|<vc}!ez#fFSh4Xb&DBWWNNNMMRRR
00000000000R00RRAkGEg62Cje1}c)\+_`.                                                                           >uD0Q000R0RRRRRRRRRRRMRW3+                                                                                                                                                                                                                     "FW0RRRRR0RRR0RR00QP7=                                                                             .-;=|>cs?17uC2pgEgZ&KWBWWNNMMMM
0000000000RMWDK@GgVq5wT7[*rv\+;'                                                                            |jUQQQQQQQ00RRRRRRR00MMMMd<                                                                                                                                                                                                                       ,#K0RR0RRRR0RR000QQMg%`                                                                             `'^">vr}[ej#w5ShEPO@HWNNNMMMM
00000000RRMMK$ObEh63JLo!{%<|/^_`                                                                         `<T80QQQQQQ00000000RR00RRRWhi                                                                                                                                                                                                                         -t&0000000000000Q0QQWJ/    .                                                                        `'=||<vl}17uTy6gggb&HWNNNNMM
000000RRRMWB&YgdSFfTjt!r%)=;'-                                                                       .-.,7AQQQ00QQ000000R0000RRRRQMg\                                                                                                                                                                                                                           -1YM0R00000000000000WXo:                                                                            .',^/)>%*17z#yp6hEb&KWNNNMN
00000000MD$&X4g62wu71Ir)\^_.                                                                       ._ _sGBQQ00RQQQ000000000000RR0DF\                                                                                                                                                                                                                             .rA00R0000000000R0000MJ^                                                                           .`-_^"|>%{[ejnf5mgEZ&@BWWNW
000000RRB$kZVSF3#Le]}li)/:.                                                                         =ISDQRQQ0QQQQQ000000000000000A?                                                                                                                                                                                                                               -3D000RRRRRRR0000000QNh[/                                                                           ..'=/|>%{[ejTJ3Fq4ZA@DBWW
R0000RMN$OPEm5fJzt?rx>"^:`                                                                        ;*gWQQMMQQ0QQQQQ00000000000000@a`                                                                                                                                                                                                                                iVMR00RRRRRR000000000QWZl`                                                                         ..`'^/)<%s]ezjTf5mdGA8$KD
0RRRRMD@ZEhqy#Lz1Ilv<+:`                                                                       .;ImUQ0RRRR0QQQQQQQ0000000000000W2:                                                                                                                                                                                                                                .:?GM0R00RRR000000000RRQQ$5i`                                                                       . .`_,/|<v{!aoLTw2mdGYO&$
RRMNB@AYdg6yTze[*l)|^'`                                                                     ` _IdH0RRMRR0QQQQQQQ00000000000000QU*    ``                                                                                                                                                                                                                             _[ORRRRRRR000000000RRR0Q0&y=                                                                        ...`;+|<%s!to7nC2mdEGbO
MMWBKOGdS6ynze[*c)"^``                                                                      _cFDQQRRRRR000QQQQ00000RRRRRR0RR0QBw'    _:                                                                                                                                                                                                                             .'5M0RRRRRR00000000000000QQOn+                                                                          `,+|>%s}!ajTf5qhEPY
MMBH$GdS63nze[}c>";_ .                                                                    _)2KQQ0000000000000000RRRRRRRR0RRW0MV>     :+                                                                                                                                                                                                                               cY00RRR0R0000000000000000RNXe:                                                                         `:=|>xl}]ojJyFmhEZ
MMBH8PVqFfL7t!{%";_.                                                                    ,}qHQQ000000000000000000RRRRRRRRRRR00@o     :{>                                                                                                                                                                                                                               .TKRMR00R000000000000000000QQSs-                                                                        `,+)i%sI1ouC3FSVX
MMWKAXV62J7t]}c>;-.                                                                  .|[VBQQ00QR0000000000000000RRRRRRRRR0RMRd|  . -1f.                                                                                                                                                                                                                                iVWRRR0R0000000000000000000QQ@yv`                                                                      .';+\)x{!1znCypSd
WB@kXg63CL1?*l)"'`                                                                  ,1GQQQ000R000000000000000000RRRRRRRRRRR0KL_   `sPJ                                                                                                                                                                                                                                 .oU0000R000000000000000000000Q0K6%`                                                                     `_;")ic}!ejTC26S
K8bdm5fTjt}rx)|;-                                                                 ;*gKQQQR00R0000000000000000000RRRRRRRRRRRNS\   -[A8*                                                                                                                                                                                                                         .`.      )qW00R00000000000000000R0R0Q00QQ8L/`                                                                    .'^/\ir*[ejnw26
8OXSFfJje!r%)|^_                                                                +[S$QQ0000000R000000000000000000RRRRRRRRRR0OI.  ^#BQE)                                                                                                                                                                                                                         ``..     _e$Q0R000000000000000000000000QQQR&Ji'                                                                   .';"<%rI[oj#f5
&kEq2wTzt}ci\/,.                                                              "zkWRMQQ0Q0000000000000000000000000000000000N6/  ^uWQMh"                                                                                                                                                                                                                        .`..`.     )gBRR00000000000000000000000QQ00QQ0@5x:                                                                 .-,/<vc*!azTw5
Ab463Cno]{v<|^_                                                            .\J&RQQ0RR000000000000000000000000000000R0QQ000Ys  |2HQQKj_                                                                                                                                                                                                                         "/`.`   . -eAMR000000000000000000000000Q000Q00QBS?=.                                                               .'+))vr}[onJ3
kGVpf#Le?r))/,`                                                         -^cf@0QR00RR00R000000000000000000000000000000000Q$7_-?bQQRQ8?  .                                                                                                                                                                                                                       lT|        im@R0000000000000000000000000000QQ00QQHdo/`                                                              _^"<)xs!aL#f
bPg5Cnzt}c<"='.                                                        "LXBQQ0000R00R00R000000000000000000000000000R000QNy,=fWQ0Q00Ar                                                                                                                                                                                                                          l4L;.  .   ,TK000000000000000000000000000Q00Q00Q0QQWP7"                                                             `:=|\vl}[7uJ
Ggq3#Lo[{%\+;_                                                      'vf$WQQQQRQ0000000000000000000000000000000000R0000QBJ^{b00000RR4^_.                                                                                                                                                                                                                        iYK*. `..   lO00000000000000000000000000QQQQQQQQQQ0QQQkJ>.                                                          ._^/|>%{!ejT
X46fnza!ri"^:`                                                    ,{ENQMQ00000000000000000000000000000000000000000RR00Wg}CBQRRRNM0B2-'.                                                                                                                                                                                                                        /gQP%.      -j$0R00000000000000000000000QQQQQQQQ00Q000QQ$5s,                                                         -;+|<vs?azn
gVFCLo1Ic)/;'.                                              .   /eXDQQ0RRR00000000000000000000000000000000000000000R0RYy8QQRRRRMMR$1                                                                                                                                                                                                                           "gMRVx.      /pNQ00000000000000000000000QQQQQQQQ00000000QR@k?,                                                       `,="<vs?t7u
EhFJza]*c>+,'.                                           .   =*fARQ00R0RR00000000000000000000000000000000000000000RR0RMRQRRR00RRRW3'                                                                                                                                                                                                                           ;FN0@3|      .idMRR0000R0000000000000000000Q00000R000000QR0QW67>.                                                    .'="<vrI1oL
4g5Jo1?r%<=,'.                                            .|1dNQQ0000000000000000000000000000000000000000000000000000000R0000000Q&% .                                                                                                                                                                                                                          'wBQ0WVi  ...  tHQM00000000000000000000000000000RRRRRRR00RR0R0Q@w%_                                                   _^/<vr*]az
4g5#e1?r%<=,'.                                       .  |r6DRQQR00000000000000000000000000000000000000000000000000000000000000QQRd, .                                                                                                                                                                                                                          'fBQ0R0ke/.... ^JHR0Q000000000000000000000000000RRRRRRR000R0000QRDP5".-`                                              -;/<%r*]tz
4g5#e[?r%<=,'`                                       _\z$RQQ0Q0000000000000000000000000000000000000000000000000000000000R000000QK1                                                                                                                                                                                                                             'fWQRRMQWF" .`. <4M000000000000000000000000000000RRRRRR00R00RR000QQQYn\`                                              -;/<vr*]tz