00000000000000000000000000000000000000000000000000000000000000000000000000000000000000000000000000000000000000000000000000000000000000000000000000000000000000000000000000000000000000000000000000000000000000000000000000000000000000000000000000000000000000000000000000000000000000000000000000000000000000000000000000000000000000000000000000000000000000000000000000000000000000000000000000000000000000000000000000000000000000000000000000000000000000000000000000000000000000000000000
00000000000000000000000000000000000000000000000000000000000000000000000000000000000000000000000000000000000000000000000000000000000000000000000000000000000000000000000000000000000000000000000000000000000000000000000000000000000000000000000000000000000000000000000000000000000000000000000000000000000000000000000000000000000000000000000000000000000000000000000000000000000000000000000000000000000000000000000000000000000000000000000000000000000000000000000000000000000000000000000
00000000000000000000000000000000000000000000000000000000000000000000000000000000000000000000000000000000000000000000000000000000000000000000000000000000000000000000000000000000000000000000000000000000000000000000000000000000000000000000000000000000000000000000000000000000000000000000000000000000000000000000000000000000000000000000000000000000000000000000000000000000000000000000000000000000000000000000000000000000000000000000000000000000000000000000000000000000000000000000000
00000000000000000000000000000000000000000000000000000000000000000000000000000000000000000000000000000000000000000000000000000000000000000000000000000000000000000000000000000000000000000000000000000000000000000000000000000000000000000000000000000000000000000000000000000000000000000000000000000000000000000000000000000000000000000000000000000000000000000000000000000000000000000000000000000000000000000000000000000000000000000000000000000000000000000000000000000000000000000000000
00000000000000000000000000000000000000000000000000000000000000000000000000000000000000000000000000000000000000000000000000000000000000000000000000000000000000000000000000000000000000000000000000000000000000000000000000000000000000000000000000000000000000000000000000000000000000000000000000000000000000000000000000000000000000000000000000000000000000000000000000000000000000000000000000000000000000000000000000000000000000000000000000000000000000000000000000000000000000000000000
00000000000000000000000000000000000000000000000000000000000000000000000000000000000000000000000000000000000000000000000000000000000000000000000000000000000000000000000000000000000000000000000000000000000000000000000000000000000000000000000000000000000000000000000000000000000000000000000000000000000000000000000000000000000000000000000000000000000000000000000000000000000000000000000000000000000000000000000000000000000000000000000000000000000000000000000000000000000000000000000
00000000000000000000000000000000000000000000000000000000000000000000000000000000000000000000000000000000000000000000000000000000000000000000000000000000000000000000000000000000000000000000000000000000000000000000000000000000000000000000000000000000000000000000000000000000000000000000000000000000000000000000000000000000000000000000000000000000000000000000000000000000000000000000000000000000000000000000000000000000000000000000000000000000000000000000000000000000000000000000000
00000000000000000000000000000000000000000000000000000000000000000000000000000000000000000000000000000000000000000000000000000000000000000000000000000000000000000000000000000000000000000000000000000000000000000000000000000000000000000000000000000000000000000000000000000000000000000000000000000000000000000000000000000000000000000000000000000000000000000000000000000000000000000000000000000000000000000000000000000000000000000000000000000000000000000000000000000000000000000000000
00000000000000000000000000000000000000000000000000000000000000000000000000000000000000000000000000000000000000000000000000000000000000000000000000000000000000000000000000000000000000000000000000000000000000000000000000000000000000000000000000000000000000000000000000000000000000000000000000000000000000000000000000000000000000000000000000000000000000000000000000000000000000000000000000000000000000000000000000000000000000000000000000000000000000000000000000000000000000000000000
00000000000000000000000000000000000000000000000000000000000000000000000000000000000000000000000000000000000000000000000000000000000000000000000000000000000000000000000000000000000000000000000000000000000000000000000000000000000000000000000000000000000000000000000000000000000000000000000000000000000000000000000000000000000000000000000000000000000000000000000000000000000000000000000000000000000000000000000000000000000000000000000000000000000000000000000000000000000000000000000
00000000000000000000000000000000000000000000000000000000000000000000000000000000000000000000000000000000000000000000000000000000000000000000000000000000000000000000000000000000000000000000000000000000000000000000000000000000000000000000000000000000000000000000000000000000000000000000000000000000000000000000000000000000000000000000000000000000000000000000000000000000000000000000000000000000000000000000000000000000000000000000000000000000000000000000000000000000000000000000000
00000000000000000000000000000000000000000000000000000000000000000000000000000000000000000000000000000000000000000000000000000000000000000000000000000000000000000000000000000000000000000000000000000000000000000000000000000000000000000000000000000000000000000000000000000000000000000000000000000000000000000000000000000000000000000000000000000000000000000000000000000000000000000000000000000000000000000000000000000000000000000000000000000000000000000000000000000000000000000000000
00000000000000000000000000000000000000000000000000000000000000000000000000000000000000000000000000000000000000000000000000000000000000000000000000000000000000000000000000000000000000000000000000000000000000000000000000000000000000000000000000000000000000000000000000000000000000000000000000000000000000000000000000000000000000000000000000000000000000000000000000000000000000000000000000000000000000000000000000000000000000000000000000000000000000000000000000000000000000000000000
00000000000000000000000000000000000000000000000000000000000000000000000000000000000000000000000000000000000000000000000000000000000000000000000000000000000000000000000000000000000000000000000000000000000000000000000000000000000000000000000000000000000000000000000000000000000000000000000000000000000000000000000000000000000000000000000000000000000000000000000000000000000000000000000000000000000000000000000000000000000000000000000000000000000000000000000000000000000000000000000
00000000000000000000000000000000000000000000000000000000000000000000000000000000000000000000000000000000000000000000000000000000000000000000000000000000000000000000000000000000000000000000000000000000000000000000000000000000000000000000000000000000000000000000000000000000000000000000000000000000000000000000000000000000000000000000000000000000000000000000000000000000000000000000000000000000000000000000000000000000000000000000000000000000000000000000000000000000000000000000000
00000000000000000000000000000000000000000000000000000000000000000000000000000000000000000000000000000000000000000000000000000000000000000000000000000000000000000000000000000000000000000000000000000000000000000000000000000000000000000000000000000000000000000000000000000000000000000000000000000000000000000000000000000000000000000000000000000000000000000000000000000000000000000000000000000000000000000000000000000000000000000000000000000000000000000000000000000000000000000000000
00000000000000000000000000000000000000000000000000000000000000000000000000000000000000000000000000000000000000000000000000000000000000000000000000000000000000000000000000000000000000000000000000000000000000000000000000000000000000000000000000000000000000000000000000000000000000000000000000000000000000000000000000000000000000000000000000000000000000000000000000000000000000000000000000000000000000000000000000000000000000000000000000000000000000000000000000000000000000000000000
00000000000000000000000000000000000000000000000000000000000000000000000000000000000000000000000000000000000000000000000000000000000000000000000000000000000000000000000000000000000000000000000000000000000000000000000000000000000000000000000000000000000000000000000000000000000000000000000000000000000000000000000000000000000000000000000000000000000000000000000000000000000000000000000000000000000000000000000000000000000000000000000000000000000000000000000000000000000000000000000
00000000000000000000000000000000000000000000000000000000000000000000000000000000000000000000000000000000000000000000000000000000000000000000000000000000000000000000000000000000000000000000000000000000000000000000000000000000000000000000000000000000000000000000000000000000000000000000000000000000000000000000000000000000000000000000000000000000000000000000000000000000000000000000000000000000000000000000000000000000000000000000000000000000000000000000000000000000000000000000000
00000000000000000000000000000000000000000000000000000000000000000000000000000000000000000000000000000000000000000000000000000000000000000000000000000000000000000000000000000000000000000000000000000000000000000000000000000000000000000000000000000000000000000000000000000000000000000000000000000000000000000000000000000000000000000000000000000000000000000000000000000000000000000000000000000000000000000000000000000000000000000000000000000000000000000000000000000000000000000000000
00000000000000000000000000000000000000000000000000000000000000000000000000000000000000000000000000000000000000000000000000000000000000000000000000000000000000000000000000000000000000000000000000000000000000000000000000000000000000000000000000000000000000000000000000000000000000000000000000000000000000000000000000000000000000000000000000000000000000000000000000000000000000000000000000000000000000000000000000000000000000000000000000000000000000000000000000000000000000000000000
00000000000000000000000000000000000000000000000000000000000000000000000000000000000000000000000000000000000000000000000000000000000000000000000000000000000000000000000000000000000000000000000000000000000000000000000000000000000000000000000000000000000000000000000000000000000000000000000000000000000000000000000000000000000000000000000000000000000000000000000000000000000000000000000000000000000000000000000000000000000000000000000000000000000000000000000000000000000000000000000
00000000000000000000000000000000000000000000000000000000000000000000000000000000000000000000000000000000000000000000000000000000000000000000000000000000000000000000000000000000000000000000000000000000000000000000000000000000000000000000000000000000000000000000000000000000000000000000000000000000000000000000000000000000000000000000000000000000000000000000000000000000000000000000000000000000000000000000000000000000000000000000000000000000000000000000000000000000000000000000000
00000000000000000000000000000000000000000000000000000000000000000000000000000000000000000000000000000000000000000000000000000000000000000000000000000000000000000000000000000000000000000000000000000000000000000000000000000000000000000000000000000000000000000000000000000000000000000000000000000000000000000000000000000000000000000000000000000000000000000000000000000000000000000000000000000000000000000000000000000000000000000000000000000000000000000000000000000000000000000000000
00000000000000000000000000000000000000000000000000000000000000000000000000000000000000000000000000000000000000000000000000000000000000000000000000000000000000000000000000000000000000000000000000000000000000000000000000000000000000000000000000000000000000000000000000000000000000000000000000000000000000000000000000000000000000000000000000000000000000000000000000000000000000000000000000000000000000000000000000000000000000000000000000000000000000000000000000000000000000000000000
00000000000000000000000000000000000000000000000000000000000000000000000000000000000000000000000000000000000000000000000000000000000000000000000000000000000000000000000000000000000000000000000000000000000000000000000000000000000000000000000000000000000000000000000000000000000000000000000000000000000000000000000000000000000000000000000000000000000000000000000000000000000000000000000000000000000000000000000000000000000000000000000000000000000000000000000000000000000000000000000
00000000000000000000000000000000000000000000000000000000000000000000000000000000000000000000000000000000000000000000000000000000000000000000000000000000000000000000000000000000000000000000000000000000000000000000000000000000000000000000000000000000000000000000000000000000000000000000000000000000000000000000000000000000000000000000000000000000000000000000000000000000000000000000000000000000000000000000000000000000000000000000000000000000000000000000000000000000000000000000000
00000000000000000000000000000000000000000000000000000000000000000000000000000000000000000000000000000000000000000000000000000000000000000000000000000000000000000000000000000000000000000000000000000000000000000000000000000000000000000000000000000000000000000000000000000000000000000000000000000000000000000000000000000000000000000000000000000000000000000000000000000000000000000000000000000000000000000000000000000000000000000000000000000000000000000000000000000000000000000000000
00000000000000000000000000000000000000000000000000000000000000000000000000000000000000000000000000000000000000000000000000000000000000000000000000000000000000000000000000000000000000000000000000000000000000000000000000000000000000000000000000000000000000000000000000000000000000000000000000000000000000000000000000000000000000000000000000000000000000000000000000000000000000000000000000000000000000000000000000000000000000000000000000000000000000000000000000000000000000000000000
00000000000000000000000000000000000000000000000000000000000000000000000000000000000000000000000000000000000000000000000000000000000000000000000000000000000000000000000000000000000000000000000000000000000000000000000000000000000000000000000000000000000000000000000000000000000000000000000000000000000000000000000000000000000000000000000000000000000000000000000000000000000000000000000000000000000000000000000000000000000000000000000000000000000000000000000000000000000000000000000
00000000000000000000000000000000000000000000000000000000000000000000000000000000000000000000000000000000000000000000000000000000000000000000000000000000000000000000000000000000000000000000000000000000000000000000000000000000000000000000000000000000000000000000000000000000000000000000000000000000000000000000000000000000000000000000000000000000000000000000000000000000000000000000000000000000000000000000000000000000000000000000000000000000000000000000000000000000000000000000000
00000000000000000000000000000000000000000000000000000000000000000000000000000000000000000000000000000000000000000000000000000000000000000000000000000000000000000000000000000000000000000000000000000000000000000000000000000000000000000000000000000000000000000000000000000000000000000000000000000000000000000000000000000000000000000000000000000000000000000000000000000000000000000000000000000000000000000000000000000000000000000000000000000000000000000000000000000000000000000000000
00000000000000000000000000000000000000000000000000000000000000000000000000000000000000000000000000000000000000000000000000000000000000000000000000000000000000000000000000000000000000000000000000000000000000000000000000000000000000000000000000000000000000000000000000000000000000000000000000000000000000000000000000000000000000000000000000000000000000000000000000000000000000000000000000000000000000000000000000000000000000000000000000000000000000000000000000000000000000000000000
00000000000000000000000000000000000000000000000000000000000000000000000000000000000000000000000000000000000000000000000000000000000000000000000000000000000000000000000000000000000000000000000000000000000000000000000000000000000000000000000000000000000000000000000000000000000000000000000000000000000000000000000000000000000000000000000000000000000000000000000000000000000000000000000000000000000000000000000000000000000000000000000000000000000000000000000000000000000000000000000
00000000000000000000000000000000000000000000000000000000000000000000000000000000000000000000000000000000000000000000000000000000000000000000000000000000000000000000000000000000000000000000000000000000000000000000000000000000000000000000000000000000000000000000000000000000000000000000000000000000000000000000000000000000000000000000000000000000000000000000000000000000000000000000000000000000000000000000000000000000000000000000000000000000000000000000000000000000000000000000000
00000000000000000000000000000000000000000000000000000000000000000000000000000000000000000000000000000000000000000000000000000000000000000000000000000000000000000000000000000000000000000000000000000000000000000000000000000000000000000000000000000000000000000000000000000000000000000000000000000000000000000000000000000000000000000000000000000000000000000000000000000000000000000000000000000000000000000000000000000000000000000000000000000000000000000000000000000000000000000000000
00000000000000000000000000000000000000000000000000000000000000000000000000000000000000000000000000000000000000000000000000000000000000000000000000000000000000000000000000000000000000000000000000000000000000000000000000000000000000000000000000000000000000000000000000000000000000000000000000000000000000000000000000000000000000000000000000000000000000000000000000000000000000000000000000000000000000000000000000000000000000000000000000000000000000000000000000000000000000000000000
00000000000000000000000000000000000000000000000000000000000000000000000000000000000000000000000000000000000000000000000000000000000000000000000000000000000000000000000000000000000000000000000000000000000000000000000000000000000000000000000000000000000000000000000000000000000000000000000000000000000000000000000000000000000000000000000000000000000000000000000000000000000000000000000000000000000000000000000000000000000000000000000000000000000000000000000000000000000000000000000
00000000000000000000000000000000000000000000000000000000000000000000000000000000000000000000000000000000000000000000000000000000000000000000000000000000000000000000000000000000000000000000000000000000000000000000000000000000000000000000000000000000000000000000000000000000000000000000000000000000000000000000000000000000000000000000000000000000000000000000000000000000000000000000000000000000000000000000000000000000000000000000000000000000000000000000000000000000000000000000000
00000000000000000000000000000000000000000000000000000000000000000000000000000000000000000000000000000000000000000000000000000000000000000000000000000000000000000000000000000000000000000000000000000000000000000000000000000000000000000000000000000000000000000000000000000000000000000000000000000000000000000000000000000000000000000000000000000000000000000000000000000000000000000000000000000000000000000000000000000000000000000000000000000000000000000000000000000000000000000000000
00000000000000000000000000000000000000000000000000000000000000000000000000000000000000000000000000000000000000000000000000000000000000000000000000000000000000000000000000000000000000000000000000000000000000000000000000000000000000000000000000000000000000000000000000000000000000000000000000000000000000000000000000000000000000000000000000000000000000000000000000000000000000000000000000000000000000000000000000000000000000000000000000000000000000000000000000000000000000000000000
00000000000000000000000000000000000000000000000000000000000000000000000000000000000000000000000000000000000000000000000000000000000000000000000000000000000000000000000000000000000000000000000000000000000000000000000000000000000000000000000000000000000000000000000000000000000000000000000000000000000000000000000000000000000000000000000000000000000000000000000000000000000000000000000000000000000000000000000000000000000000000000000000000000000000000000000000000000000000000000000
00000000000000000000000000000000000000000000000000000000000000000000000000000000000000000000000000000000000000000000000000000000000000000000000000000000000000000000000000000000000000000000000000000000000000000000000000000000000000000000000000000000000000000000000000000000000000000000000000000000000000000000000000000000000000000000000000000000000000000000000000000000000000000000000000000000000000000000000000000000000000000000000000000000000000000000000000000000000000000000000
00000000000000000000000000000000000000000000000000000000000000000000000000000000000000000000000000000000000000000000000000000000000000000000000000000000000000000000000000000000000000000000000000000000000000000000000000000000000000000000000000000000000000000000000000000000000000000000000000000000000000000000000000000000000000000000000000000000000000000000000000000000000000000000000000000000000000000000000000000000000000000000000000000000000000000000000000000000000000000000000
00000000000000000000000000000000000000000000000000000000000000000000000000000000000000000000000000000000000000000000000000000000000000000000000000000000000000000000000000000000000000000000000000000000000000000000000000000000000000000000000000000000000000000000000000000000000000000000000000000000000000000000000000000000000000000000000000000000000000000000000000000000000000000000000000000000000000000000000000000000000000000000000000000000000000000000000000000000000000000000000
00000000000000000000000000000000000000000000000000000000000000000000000000000000000000000000000000000000000000000000000000000000000000000000000000000000000000000000000000000000000000000000000000000000000000000000000000000000000000000000000000000000000000000000000000000000000000000000000000000000000000000000000000000000000000000000000000000000000000000000000000000000000000000000000000000000000000000000000000000000000000000000000000000000000000000000000000000000000000000000000
00000000000000000000000000000000000000000000000000000000000000000000000000000000000000000000000000000000000000000000000000000000000000000000000000000000000000000000000000000000000000000000000000000000000000000000000000000000000000000000000000000000000000000000000000000000000000000000000000000000000000000000000000000000000000000000000000000000000000000000000000000000000000000000000000000000000000000000000000000000000000000000000000000000000000000000000000000000000000000000000
00000000000000000000000000000000000000000000000000000000000000000000000000000000000000000000000000000000000000000000000000000000000000000000000000000000000000000000000000000000000000000000000000000000000000000000000000000000000000000000000000000000000000000000000000000000000000000000000000000000000000000000000000000000000000000000000000000000000000000000000000000000000000000000000000000000000000000000000000000000000000000000000000000000000000000000000000000000000000000000000
00000000000000000000000000000000000000000000000000000000000000000000000000000000000000000000000000000000000000000000000000000000000000000000000000000000000000000000000000000000000000000000000000000000000000000000000000000000000000000000000000000000000000000000000000000000000000000000000000000000000000000000000000000000000000000000000000000000000000000000000000000000000000000000000000000000000000000000000000000000000000000000000000000000000000000000000000000000000000000000000
00000000000000000000000000000000000000000000000000000000000000000000000000000000000000000000000000000000000000000000000000000000000000000000000000000000000000000000000000000000000000000000000000000000000000000000000000000000000000000000000000000000000000000000000000000000000000000000000000000000000000000000000000000000000000000000000000000000000000000000000000000000000000000000000000000000000000000000000000000000000000000000000000000000000000000000000000000000000000000000000
00000000000000000000000000000000000000000000000000000000000000000000000000000000000000000000000000000000000000000000000000000000000000000000000000000000000000000000000000000000000000000000000000000000000000000000000000000000000000000000000000000000000000000000000000000000000000000000000000000000000000000000000000000000000000000000000000000000000000000000000000000000000000000000000000000000000000000000000000000000000000000000000000000000000000000000000000000000000000000000000
00000000000000000000000000000000000000000000000000000000000000000000000000000000000000000000000000000000000000000000000000000000000000000000000000000000000000000000000000000000000000000000000000000000000000000000000000000000000000000000000000000000000000000000000000000000000000000000000000000000000000000000000000000000000000000000000000000000000000000000000000000000000000000000000000000000000000000000000000000000000000000000000000000000000000000000000000000000000000000000000
00000000000000000000000000000000000000000000000000000000000000000000000000000000000000000000000000000000000000000000000000000000000000000000000000000000000000000000000000000000000000000000000000000000000000000000000000000000000000000000000000000000000000000000000000000000000000000000000000000000000000000000000000000000000000000000000000000000000000000000000000000000000000000000000000000000000000000000000000000000000000000000000000000000000000000000000000000000000000000000000
00000000000000000000000000000000000000000000000000000000000000000000000000000000000000000000000000000000000000000000000000000000000000000000000000000000000000000000000000000000000000000000000000000000000000000000000000000000000000000000000000000000000000000000000000000000000000000000000000000000000000000000000000000000000000000000000000000000000000000000000000000000000000000000000000000000000000000000000000000000000000000000000000000000000000000000000000000000000000000000000
00000000000000000000000000000000000000000000000000000000000000000000000000000000000000000000000000000000000000000000000000000000000000000000000000000000000000000000000000000000000000000000000000000000000000000000000000000000000000000000000000000000000000000000000000000000000000000000000000000000000000000000000000000000000000000000000000000000000000000000000000000000000000000000000000000000000000000000000000000000000000000000000000000000000000000000000000000000000000000000000
00000000000000000000000000000000000000000000000000000000000000000000000000000000000000000000000000000000000000000000000000000000000000000000000000000000000000000000000000000000000000000000000000000000000000000000000000000000000000000000000000000000000000000000000000000000000000000000000000000000000000000000000000000000000000000000000000000000000000000000000000000000000000000000000000000000000000000000000000000000000000000000000000000000000000000000000000000000000000000000000
00000000000000000000000000000000000000000000000000000000000000000000000000000000000000000000000000000000000000000000000000000000000000000000000000000000000000000000000000000000000000000000000000000000000000000000000000000000000000000000000000000000000000000000000000000000000000000000000000000000000000000000000000000000000000000000000000000000000000000000000000000000000000000000000000000000000000000000000000000000000000000000000000000000000000000000000000000000000000000000000
00000000000000000000000000000000000000000000000000000000000000000000000000000000000000000000000000000000000000000000000000000000000000000000000000000000000000000000000000000000000000000000000000000000000000000000000000000000000000000000000000000000000000000000000000000000000000000000000000000000000000000000000000000000000000000000000000000000000000000000000000000000000000000000000000000000000000000000000000000000000000000000000000000000000000000000000000000000000000000000000
00000000000000000000000000000000000000000000000000000000000000000000000000000000000000000000000000000000000000000000000000000000000000000000000000000000000000000000000000000000000000000000000000000000000000000000000000000000000000000000000000000000000000000000000000000000000000000000000000000000000000000000000000000000000000000000000000000000000000000000000000000000000000000000000000000000000000000000000000000000000000000000000000000000000000000000000000000000000000000000000
00000000000000000000000000000000000000000000000000000000000000000000000000000000000000000000000000000000000000000000000000000000000000000000000000000000000000000000000000000000000000000000000000000000000000000000000000000000000000000000000000000000000000000000000000000000000000000000000000000000000000000000000000000000000000000000000000000000000000000000000000000000000000000000000000000000000000000000000000000000000000000000000000000000000000000000000000000000000000000000000
00000000000000000000000000000000000000000000000000000000000000000000000000000000000000000000000000000000000000000000000000000000000000000000000000000000000000000000000000000000000000000000000000000000000000000000000000000000000000000000000000000000000000000000000000000000000000000000000000000000000000000000000000000000000000000000000000000000000000000000000000000000000000000000000000000000000000000000000000000000000000000000000000000000000000000000000000000000000000000000000
00000000000000000000000000000000000000000000000000000000000000000000000000000000000000000000000000000000000000000000000000000000000000000000000000000000000000000000000000000000000000000000000000000000000000000000000000000000000000000000000000000000000000000000000000000000000000000000000000000000000000000000000000000000000000000000000000000000000000000000000000000000000000000000000000000000000000000000000000000000000000000000000000000000000000000000000000000000000000000000000
00000000000000000000000000000000000000000000000000000000000000000000000000000000000000000000000000000000000000000000000000000000000000000000000000000000000000000000000000000000000000000000000000000000000000000000000000000000000000000000000000000000000000000000000000000000000000000000000000000000000000000000000000000000000000000000000000000000000000000000000000000000000000000000000000000000000000000000000000000000000000000000000000000000000000000000000000000000000000000000000
00000000000000000000000000000000000000000000000000000000000000000000000000000000000000000000000000000000000000000000000000000000000000000000000000000000000000000000000000000000000000000000000000000000000000000000000000000000000000000000000000000000000000000000000000000000000000000000000000000000000000000000000000000000000000000000000000000000000000000000000000000000000000000000000000000000000000000000000000000000000000000000000000000000000000000000000000000000000000000000000
00000000000000000000000000000000000000000000000000000000000000000000000000000000000000000000000000000000000000000000000000000000000000000000000000000000000000000000000000000000000000000000000000000000000000000000000000000000000000000000000000000000000000000000000000000000000000000000000000000000000000000000000000000000000000000000000000000000000000000000000000000000000000000000000000000000000000000000000000000000000000000000000000000000000000000000000000000000000000000000000
00000000000000000000000000000000000000000000000000000000000000000000000000000000000000000000000000000000000000000000000000000000000000000000000000000000000000000000000000000000000000000000000000000000000000000000000000000000000000000000000000000000000000000000000000000000000000000000000000000000000000000000000000000000000000000000000000000000000000000000000000000000000000000000000000000000000000000000000000000000000000000000000000000000000000000000000000000000000000000000000
00000000000000000000000000000000000000000000000000000000000000000000000000000000000000000000000000000000000000000000000000000000000000000000000000000000000000000000000000000000000000000000000000000000000000000000000000000000000000000000000000000000000000000000000000000000000000000000000000000000000000000000000000000000000000000000000000000000000000000000000000000000000000000000000000000000000000000000000000000000000000000000000000000000000000000000000000000000000000000000000
00000000000000000000000000000000000000000000000000000000000000000000000000000000000000000000000000000000000000000000000000000000000000000000000000000000000000000000000000000000000000000000000000000000000000000000000000000000000000000000000000000000000000000000000000000000000000000000000000000000000000000000000000000000000000000000000000000000000000000000000000000000000000000000000000000000000000000000000000000000000000000000000000000000000000000000000000000000000000000000000
00000000000000000000000000000000000000000000000000000000000000000000000000000000000000000000000000000000000000000000000000000000000000000000000000000000000000000000000000000000000000000000000000000000000000000000000000000000000000000000000000000000000000000000000000000000000000000000000000000000000000000000000000000000000000000000000000000000000000000000000000000000000000000000000000000000000000000000000000000000000000000000000000000000000000000000000000000000000000000000000
00000000000000000000000000000000000000000000000000000000000000000000000000000000000000000000000000000000000000000000000000000000000000000000000000000000000000000000000000000000000000000000000000000000000000000000000000000000000000000000000000000000000000000000000000000000000000000000000000000000000000000000000000000000000000000000000000000000000000000000000000000000000000000000000000000000000000000000000000000000000000000000000000000000000000000000000000000000000000000000000
00000000000000000000000000000000000000000000000000000000000000000000000000000000000000000000000000000000000000000000000000000000000000000000000000000000000000000000000000000000000000000000000000000000000000000000000000000000000000000000000000000000000000000000000000000000000000000000000000000000000000000000000000000000000000000000000000000000000000000000000000000000000000000000000000000000000000000000000000000000000000000000000000000000000000000000000000000000000000000000000
00000000000000000000000000000000000000000000000000000000000000000000000000000000000000000000000000000000000000000000000000000000000000000000000000000000000000000000000000000000000000000000000000000000000000000000000000000000000000000000000000000000000000000000000000000000000000000000000000000000000000000000000000000000000000000000000000000000000000000000000000000000000000000000000000000000000000000000000000000000000000000000000000000000000000000000000000000000000000000000000
00000000000000000000000000000000000000000000000000000000000000000000000000000000000000000000000000000000000000000000000000000000000000000000000000000000000000000000000000000000000000000000000000000000000000000000000000000000000000000000000000000000000000000000000000000000000000000000000000000000000000000000000000000000000000000000000000000000000000000000000000000000000000000000000000000000000000000000000000000000000000000000000000000000000000000000000000000000000000000000000
00000000000000000000000000000000000000000000000000000000000000000000000000000000000000000000000000000000000000000000000000000000000000000000000000000000000000000000000000000000000000000000000000000000000000000000000000000000000000000000000000000000000000000000000000000000000000000000000000000000000000000000000000000000000000000000000000000000000000000000000000000000000000000000000000000000000000000000000000000000000000000000000000000000000000000000000000000000000000000000000
00000000000000000000000000000000000000000000000000000000000000000000000000000000000000000000000000000000000000000000000000000000000000000000000000000000000000000000000000000000000000000000000000000000000000000000000000000000000000000000000000000000000000000000000000000000000000000000000000000000000000000000000000000000000000000000000000000000000000000000000000000000000000000000000000000000000000000000000000000000000000000000000000000000000000000000000000000000000000000000000
00000000000000000000000000000000000000000000000000000000000000000000000000000000000000000000000000000000000000000000000000000000000000000000000000000000000000000000000000000000000000000000000000000000000000000000000000000000000000000000000000000000000000000000000000000000000000000000000000000000000000000000000000000000000000000000000000000000000000000000000000000000000000000000000000000000000000000000000000000000000000000000000000000000000000000000000000000000000000000000000
00000000000000000000000000000000000000000000000000000000000000000000000000000000000000000000000000000000000000000000000000000000000000000000000000000000000000000000000000000000000000000000000000000000000000000000000000000000000000000000000000000000000000000000000000000000000000000000000000000000000000000000000000000000000000000000000000000000000000000000000000000000000000000000000000000000000000000000000000000000000000000000000000000000000000000000000000000000000000000000000
00000000000000000000000000000000000000000000000000000000000000000000000000000000000000000000000000000000000000000000000000000000000000000000000000000000000000000000000000000000000000000000000000000000000000000000000000000000000000000000000000000000000000000000000000000000000000000000000000000000000000000000000000000000000000000000000000000000000000000000000000000000000000000000000000000000000000000000000000000000000000000000000000000000000000000000000000000000000000000000000
00000000000000000000000000000000000000000000000000000000000000000000000000000000000000000000000000000000000000000000000000000000000000000000000000000000000000000000000000000000000000000000000000000000000000000000000000000000000000000000000000000000000000000000000000000000000000000000000000000000000000000000000000000000000000000000000000000000000000000000000000000000000000000000000000000000000000000000000000000000000000000000000000000000000000000000000000000000000000000000000
00000000000000000000000000000000000000000000000000000000000000000000000000000000000000000000000000000000000000000000000000000000000000000000000000000000000000000000000000000000000000000000000000000000000000000000000000000000000000000000000000000000000000000000000000000000000000000000000000000000000000000000000000000000000000000000000000000000000000000000000000000000000000000000000000000000000000000000000000000000000000000000000000000000000000000000000000000000000000000000000
00000000000000000000000000000000000000000000000000000000000000000000000000000000000000000000000000000000000000000000000000000000000000000000000000000000000000000000000000000000000000000000000000000000000000000000000000000000000000000000000000000000000000000000000000000000000000000000000000000000000000000000000000000000000000000000000000000000000000000000000000000000000000000000000000000000000000000000000000000000000000000000000000000000000000000000000000000000000000000000000
00000000000000000000000000000000000000000000000000000000000000000000000000000000000000000000000000000000000000000000000000000000000000000000000000000000000000000000000000000000000000000000000000000000000000000000000000000000000000000000000000000000000000000000000000000000000000000000000000000000000000000000000000000000000000000000000000000000000000000000000000000000000000000000000000000000000000000000000000000000000000000000000000000000000000000000000000000000000000000000000
00000000000000000000000000000000000000000000000000000000000000000000000000000000000000000000000000000000000000000000000000000000000000000000000000000000000000000000000000000000000000000000000000000000000000000000000000000000000000000000000000000000000000000000000000000000000000000000000000000000000000000000000000000000000000000000000000000000000000000000000000000000000000000000000000000000000000000000000000000000000000000000000000000000000000000000000000000000000000000000000
00000000000000000000000000000000000000000000000000000000000000000000000000000000000000000000000000000000000000000000000000000000000000000000000000000000000000000000000000000000000000000000000000000000000000000000000000000000000000000000000000000000000000000000000000000000000000000000000000000000000000000000000000000000000000000000000000000000000000000000000000000000000000000000000000000000000000000000000000000000000000000000000000000000000000000000000000000000000000000000000
00000000000000000000000000000000000000000000000000000000000000000000000000000000000000000000000000000000000000000000000000000000000000000000000000000000000000000000000000000000000000000000000000000000000000000000000000000000000000000000000000000000000000000000000000000000000000000000000000000000000000000000000000000000000000000000000000000000000000000000000000000000000000000000000000000000000000000000000000000000000000000000000000000000000000000000000000000000000000000000000
00000000000000000000000000000000000000000000000000000000000000000000000000000000000000000000000000000000000000000000000000000000000000000000000000000000000000000000000000000000000000000000000000000000000000000000000000000000000000000000000000000000000000000000000000000000000000000000000000000000000000000000000000000000000000000000000000000000000000000000000000000000000000000000000000000000000000000000000000000000000000000000000000000000000000000000000000000000000000000000000
00000000000000000000000000000000000000000000000000000000000000000000000000000000000000000000000000000000000000000000000000000000000000000000000000000000000000000000000000000000000000000000000000000000000000000000000000000000000000000000000000000000000000000000000000000000000000000000000000000000000000000000000000000000000000000000000000000000000000000000000000000000000000000000000000000000000000000000000000000000000000000000000000000000000000000000000000000000000000000000000
00000000000000000000000000000000000000000000000000000000000000000000000000000000000000000000000000000000000000000000000000000000000000000000000000000000000000000000000000000000000000000000000000000000000000000000000000000000000000000000000000000000000000000000000000000000000000000000000000000000000000000000000000000000000000000000000000000000000000000000000000000000000000000000000000000000000000000000000000000000000000000000000000000000000000000000000000000000000000000000000
00000000000000000000000000000000000000000000000000000000000000000000000000000000000000000000000000000000000000000000000000000000000000000000000000000000000000000000000000000000000000000000000000000000000000000000000000000000000000000000000000000000000000000000000000000000000000000000000000000000000000000000000000000000000000000000000000000000000000000000000000000000000000000000000000000000000000000000000000000000000000000000000000000000000000000000000000000000000000000000000
00000000000000000000000000000000000000000000000000000000000000000000000000000000000000000000000000000000000000000000000000000000000000000000000000000000000000000000000000000000000000000000000000000000000000000000000000000000000000000000000000000000000000000000000000000000000000000000000000000000000000000000000000000000000000000000000000000000000000000000000000000000000000000000000000000000000000000000000000000000000000000000000000000000000000000000000000000000000000000000000
00000000000000000000000000000000000000000000000000000000000000000000000000000000000000000000000000000000000000000000000000000000000000000000000000000000000000000000000000000000000000000000000000000000000000000000000000000000000000000000000000000000000000000000000000000000000000000000000000000000000000000000000000000000000000000000000000000000000000000000000000000000000000000000000000000000000000000000000000000000000000000000000000000000000000000000000000000000000000000000000
00000000000000000000000000000000000000000000000000000000000000000000000000000000000000000000000000000000000000000000000000000000000000000000000000000000000000000000000000000000000000000000000000000000000000000000000000000000000000000000000000000000000000000000000000000000000000000000000000000000000000000000000000000000000000000000000000000000000000000000000000000000000000000000000000000000000000000000000000000000000000000000000000000000000000000000000000000000000000000000000
00000000000000000000000000000000000000000000000000000000000000000000000000000000000000000000000000000000000000000000000000000000000000000000000000000000000000000000000000000000000000000000000000000000000000000000000000000000000000000000000000000000000000000000000000000000000000000000000000000000000000000000000000000000000000000000000000000000000000000000000000000000000000000000000000000000000000000000000000000000000000000000000000000000000000000000000000000000000000000000000
00000000000000000000000000000000000000000000000000000000000000000000000000000000000000000000000000000000000000000000000000000000000000000000000000000000000000000000000000000000000000000000000000000000000000000000000000000000000000000000000000000000000000000000000000000000000000000000000000000000000000000000000000000000000000000000000000000000000000000000000000000000000000000000000000000000000000000000000000000000000000000000000000000000000000000000000000000000000000000000000
00000000000000000000000000000000000000000000000000000000000000000000000000000000000000000000000000000000000000000000000000000000000000000000000000000000000000000000000000000000000000000000000000000000000000000000000000000000000000000000000000000000000000000000000000000000000000000000000000000000000000000000000000000000000000000000000000000000000000000000000000000000000000000000000000000000000000000000000000000000000000000000000000000000000000000000000000000000000000000000000
00000000000000000000000000000000000000000000000000000000000000000000000000000000000000000000000000000000000000000000000000000000000000000000000000000000000000000000000000000000000000000000000000000000000000000000000000000000000000000000000000000000000000000000000000000000000000000000000000000000000000000000000000000000000000000000000000000000000000000000000000000000000000000000000000000000000000000000000000000000000000000000000000000000000000000000000000000000000000000000000
00000000000000000000000000000000000000000000000000000000000000000000000000000000000000000000000000000000000000000000000000000000000000000000000000000000000000000000000000000000000000000000000000000000000000000000000000000000000000000000000000000000000000000000000000000000000000000000000000000000000000000000000000000000000000000000000000000000000000000000000000000000000000000000000000000000000000000000000000000000000000000000000000000000000000000000000000000000000000000000000
00000000000000000000000000000000000000000000000000000000000000000000000000000000000000000000000000000000000000000000000000000000000000000000000000000000000000000000000000000000000000000000000000000000000000000000000000000000000000000000000000000000000000000000000000000000000000000000000000000000000000000000000000000000000000000000000000000000000000000000000000000000000000000000000000000000000000000000000000000000000000000000000000000000000000000000000000000000000000000000000
00000000000000000000000000000000000000000000000000000000000000000000000000000000000000000000000000000000000000000000000000000000000000000000000000000000000000000000000000000000000000000000000000000000000000000000000000000000000000000000000000000000000000000000000000000000000000000000000000000000000000000000000000000000000000000000000000000000000000000000000000000000000000000000000000000000000000000000000000000000000000000000000000000000000000000000000000000000000000000000000
00000000000000000000000000000000000000000000000000000000000000000000000000000000000000000000000000000000000000000000000000000000000000000000000000000000000000000000000000000000000000000000000000000000000000000000000000000000000000000000000000000000000000000000000000000000000000000000000000000000000000000000000000000000000000000000000000000000000000000000000000000000000000000000000000000000000000000000000000000000000000000000000000000000000000000000000000000000000000000000000
00000000000000000000000000000000000000000000000000000000000000000000000000000000000000000000000000000000000000000000000000000000000000000000000000000000000000000000000000000000000000000000000000000000000000000000000000000000000000000000000000000000000000000000000000000000000000000000000000000000000000000000000000000000000000000000000000000000000000000000000000000000000000000000000000000000000000000000000000000000000000000000000000000000000000000000000000000000000000000000000
00000000000000000000000000000000000000000000000000000000000000000000000000000000000000000000000000000000000000000000000000000000000000000000000000000000000000000000000000000000000000000000000000000000000000000000000000000000000000000000000000000000000000000000000000000000000000000000000000000000000000000000000000000000000000000000000000000000000000000000000000000000000000000000000000000000000000000000000000000000000000000000000000000000000000000000000000000000000000000000000
00000000000000000000000000000000000000000000000000000000000000000000000000000000000000000000000000000000000000000000000000000000000000000000000000000000000000000000000000000000000000000000000000000000000000000000000000000000000000000000000000000000000000000000000000000000000000000000000000000000000000000000000000000000000000000000000000000000000000000000000000000000000000000000000000000000000000000000000000000000000000000000000000000000000000000000000000000000000000000000000
00000000000000000000000000000000000000000000000000000000000000000000000000000000000000000000000000000000000000000000000000000000000000000000000000000000000000000000000000000000000000000000000000000000000000000000000000000000000000000000000000000000000000000000000000000000000000000000000000000000000000000000000000000000000000000000000000000000000000000000000000000000000000000000000000000000000000000000000000000000000000000000000000000000000000000000000000000000000000000000000
00000000000000000000000000000000000000000000000000000000000000000000000000000000000000000000000000000000000000000000000000000000000000000000000000000000000000000000000000000000000000000000000000000000000000000000000000000000000000000000000000000000000000000000000000000000000000000000000000000000000000000000000000000000000000000000000000000000000000000000000000000000000000000000000000000000000000000000000000000000000000000000000000000000000000000000000000000000000000000000000
00000000000000000000000000000000000000000000000000000000000000000000000000000000000000000000000000000000000000000000000000000000000000000000000000000000000000000000000000000000000000000000000000000000000000000000000000000000000000000000000000000000000000000000000000000000000000000000000000000000000000000000000000000000000000000000000000000000000000000000000000000000000000000000000000000000000000000000000000000000000000000000000000000000000000000000000000000000000000000000000
00000000000000000000000000000000000000000000000000000000000000000000000000000000000000000000000000000000000000000000000000000000000000000000000000000000000000000000000000000000000000000000000000000000000000000000000000000000000000000000000000000000000000000000000000000000000000000000000000000000000000000000000000000000000000000000000000000000000000000000000000000000000000000000000000000000000000000000000000000000000000000000000000000000000000000000000000000000000000000000000
000000000000000000000000000000000000000000000000000000000000000000000000000000000000000000000000000000000000000000000000000000000000000000000000000000000000000000000000000000000000000000000000000000000000000000000000000000000000000000000000000000000000000000000000000000000000000000000000000000000000000000000000000000000000000000000000000000000000000000000000000000000000000000000000000000000000000000000000000000000000000000000000000000000000000000Q0000000000000000000000000000
0000000000000000000000000000000000000000000000000000000000000000000000000000000000000000000000000000000000000000000000000000000000000000000000000000000000000000000000000000000000000000000000000000000000000000000000000000000000000000000000000000000000000000000000000000000000000000000000000000000000000000000000000000000000000000000000000000000000000000000000000000000000000000000000000000000000000000000000000000000000000000000000000000000000000000Q0MQ0R0000000000000000000000000
00000000000000000000000000000000000000000000000000000000000000000000000000000000000000000000000000000000000000000000000000000000000000000000000000000000000000000000000000000000000000000000000000000000000000000000000000000000000000000000000000000R000000000000000000000000000000000000000000000000000000000000000000000000000000000000000000000000000000000000000000000000000000000000000000000000000000000000000000000000000000000000000000000000000000000QK?I&RRR000000000000000000000000
00000000000000000000000000000000000000000000000000000000000000000000000000000000000000000000000000000000000000000000000000000000000000000000000000000000000000000000000000000000000000000000000000000000000000000000000000000000000000000000000000QQ000RRR00000000000000000000000000000000000000000000000000000000000000000000000000000000000000000000000000000000000000000000000000000000000000000000000000000000000000000000000000000000000000000000000000000D} .wDM0000000000000000000000000
0000000000000000000000000000000000000000000000000000000000000000000000000000000000000000000000000000000000000000000000000000000000000000000000000000000000000000000000000000000000000000000000000000000000000000000000000000000000000000000000Q0R0RWR0R0RRR000000000000000000000000000000000000000000000000000000000000000000000000000000000000000000000000000000000000000000000000000000000000000000000000000000000000000000000000000000000000000000000000000Qz_.tYHR0QQQ000000000000000000000
000000000000000000000000000000000000000000000000000000000000000000000000000000000000000000000000000000000000000000000000000000000000000000000000000000000000000000000000000000000000000000000000000000000000000000000000000000000000000000RRR0DKQ0p5MQ$OH0R0RR0000000000000000000000000000000000000000000000000000000000000000000000000000000000000000000000000000000000000000000000000000000000000000000000000000000000000000000000000000000000000000000R0M0Qh^ !8KBRQQQQQQQQ00000000000000000
000000000000000000000000000000000000000000000000000000000000000000000000000000000000000000000000000000000000000000000000000000000000000000000000000000000000000000000000000000000000000000000000000000000000000000000000000000000000000R00RRR0U6JhJrwFT4NQ0R00000000000000000000000000000000000000000000000000000000000000000000000000000000000000000000000000000000000000000000000000000000000000000000000000000000000000000000000000000000000000000000RR0RQ4/ cANWR0QQQQQQQQ00000000000000000
00000000000000000000000000000000000000000000000000000000000000000000000000000000000000000000000000000000000000000000000000000000000000000000000000000000000000000000000000000000000000000000000000000000000000000000000000000000000000000R0RRNDkL/,_ _ry4&BR000000000000000000000000000000000000000000000000000000000000000000000000000000000000000000000000000000000000000000000000000000000000000000000000000000000000000000000000000000000000000000000RRQ$v xV000QRQQQQQQQQ00000000000000000
00000000000000000000000000000000000000000000000000000000000000000000000000000000000000000000000000000000000000000000000000000000000000000000000000000000000000000000000000000000000000000000000000000000000000000000000000000000000000000R000KX6ji_ . :eXHR0RMR000000000000000000000000000000000000000000000000000000000000000000000000000000000000000000000000000000000000000000000000000000000QQQQ00R000000000000000000000000000000000000000000000000RR0Q@] +dB00QQ00Q000QQ000000000000000000
0000000000000000000000000000000000000000000000000000000000000000000000000000000000000000000000000R00000QQ00R0000000000000000000000000000000000000000000000000000000000000000000000000000000000000000000000000000000000000000000000000000000R000QN6) ...^rLhK0QQQ0000000000000000000000000000000000000000000000000000000000000000000000000000000000000000000000000000000000000000000000000000000QUVqEDQR0RRR00000000000000000000000000000000000000000000N0QDj`;5RR0QQ000000000000000000000000000
00000000000000000000000000000000000000000000000000000000000000000000000000000000000000000000000RR00R0MNQ0HDMRR00000000000000000000000000000000000000000000000000000000000000000000000000000000000000000000000000000000000000000000000000000000QY[^.        "]3X$0QQQRWMQQQMR00000000000000000000000000000000000000000000000000000000000000000000000000000000000000000000000000000000000000000000Ky|:[&0RRRRRRRR0000000000000000000000000000000000000000Q0Bw`-LD00000000000000000000000000000000
0000000000000000000000000000000000000000000000000000000000000000000000000000000000000000000000000RRRWQWYei3BRR00000000000000000000000000000000000000000000000000000000000000000000000000000000000000000000000000000000000000000000000000000QQME%  .           -<odUg!c?wbM0R0RRR000000000000000000000000000000000000000000000000000000000000000000000000000000000000000000000000000000000000000QQMX% !8RR0RR00R0000000000000000000000000000000000000000QR3:`aA000000000000000000000000000000000
0000000000000000000000000000000000000000000000000000000000000000000000000000000000000000000000RRNNRZJLL) 'FQ0R000000000000000000000000000000000000000000000000000000000000000000000000000000000000000000000000000000000000000000000R000Q0R0QOz=                  `+:    <2UBNRRRR0000000000000000000000000000000000000000000000000000000000000000000000000000000000000000000000000000000000000000QREi-nDQRRR00R000000000R0000R0000000000000000000000R0RQ4).1PMR00000000000000000000000000000000
000000000000000000000000000000000000000000000000000000000000000000000000000000000000000000000000MMMVv    _[ANRR0000000000000000000000000000000000000000000000000000000000000000000000000000000000000000000000000000000000000000000000R0QQQW2|                            rXWR0RR000000000000000000000000000000000000000000000000000000000000000000000000000000000000000000000000000000000000000MRRUJ" "5OB0QQQQQ0R0R0R0R00R000000000000000000000Q0R00RQY%.rXDRR00000000000000000000000000000000
00000000000000000000000000000000000000000000000000000000000000000000000000000000000000000000000RW0W6>.     )n@QR000000000000000000000000000000000000000000000000000000000000000000000000000000000000000000000000000000000000000R0RR0RMN8Y4e,                           'o&00RR00000000000000000000000000000000000000000000000000000000000000000000000000000000000000000000000000000000000000000N00QS\. .=iltfg&NQQQQQR00000M0R0QQQ000000000000000000QQUl )gBR0000000000000000000000000000000000
0000000000000000000000000000000000000000000000000000000000000000000000000000000000000000000000QQ0DC;.       `%qW0000000000000000000000000000000000000000000000000000000000000000000000000000000000000000000000000000000000000000R00R$Z47/`                            .zBQRRRRRRRR0000000000000000000000000000000000000000000000000000000000000000000000000000000000000000000000000000000000000R0W2<-       .-^>[yd&H0QQQQQQQQBAKRRRRQR000000000R00MQDe >gMR00000000000000000000000000000000000
0000000000000000000000000000000000000000000000000000000000000000000000000000R00000R00R00000QQQR8S?+`    '>.`. _JQ00000000000000000000000000000000000000000000000000000000000000000000000000000000000000000000000000000000000000R0000@J>>>=-                            *GMQ0QRRRRRRRRRR00000000000000000000000000000000000000000000000000000000000000000000000000000000000000000000000000R000R00QT: .      .      .^c[t{7mm3E6r,/yM0R00000000000R00RWT_,3WQ000000000000000000000000000000000000
0000000000000000000000000000000000000000000000000000000000000000000000000R000RR00R0RR00QQQRUhf{=_  .    `"; . /2Q000000000000000000000000000000000000000000000000000000000000000000000000000000000000000000000000000000000000000RR0QRHga+-`                             ^yNQRRRRRRRRRRR00000000000000000000000000000000000000000000000000000000000000000000000000000000000000000000000000000000Qm;  .           .           ``  =6M0RR000000000000QM#-,T$QQR00000000000000000000000000000000000
00000000000000000000000000000000000000000000000000000000000000000000000000000QQQ00RRRQMUg#{=.            .  -vgMQ00000000000000000000000000000000000000000000000000000000000000000000000000000000000000000000000000000000000000000000QQ0Yo;                              <XQ0RRRRRRRRRR00000000000000000000000000000000000000000000000000000000000000000000000000000000000000000000000000R0R0RMh|                      ..      :TBNR0RRRRRR0000R0RMg; eKR00R0R000000000000000000000000000000000
0000000000000000000000000000000000000000000000000000000000000000000000000R0MUgEDQQQ0Aw?|.                . .vYQR0000000R0000000000000000000000000000000000000000000000000000000000000000000000000000000000000000000000000000000000000QR0Q4) ..                           `CM0RRRRRRRRRR0000000000000000000000000000000000000000000000000000000000000000000000000000000000000000000000000R00BMMPi                               ?@MMRRRRRRRR0000N0Mg\ l@Q000000000000000000000000000000000000000
00000000000000000000000000000000000000000000000000000000000000000000000RRRBy| `\jXVt,                     . :1OQ0000000000000000000000000000000000000000000000000000000000000000000000000000000000000000000000000000000000000000000000RRQXi                            `--LD0RRRR00RRRR00000000000QQ0QQQQ0000000000000000000000000000000000000000000000000000000000000000000000000000R000RR00K]`                               oDW0RRRRRRRR0000RQ@> xP00000000000000000000000000000000000000000
0000000000000000000000000000000000000000000000000000000000000000000R000000NSs`   -_. .                        vdQ00R0R000000000000000000000000000000000000000000000000000000000000000000000000000000000000000000000000000000000000RR0000QA?  .                          =zFkR0QQQQ0RRRRR0000000RRQQ0B&XOWQQQQ00000000000000000000000000000000000000000000000000000000000000000000000RR000QQRW5:                                %dDQRRRRRRRR000RQU!.>4R00000000000000000000000000000000000000000
0000000000000000000000000000000000000000000000000000000000000000000000000R0QAs ...                             |gQQ000000000000000000000000000000000000000000000000000000000000000000000000000000000000000000000000000000000000RR00000000RV\ .                         ;1kMMMK@K@DRQQQ0RRRR0000MMkw*):`:i1F$QQ00000000000000000000000000000000000000000000000000000000000000000R000Q0R0QDXw{\^.                                 :IhR0RRRRRR0000D!.+SMQRRRR0000000000000000000000000000000000000
0000000000000000000000000000000000000000000000000000000000000000000000000MM0B6,                                .%4R0QQQQ00000000000000000000000000000000000000000000000000000000000000000000000000000000000000000000000000000000000000RRRRMu..                         :TDQ@#>"/"v]ouPRQ0000R0QB3)         ldMQ00000000000000000000000000000000000000000000000000000000000000000000000Q8L=    `                                   ,SW0RRRRR00QRL_`FRQ0RRRR00000000000000000000000000R000R000R0R
0000000000000000000000000000000000000000000000000000000000000000000000000RRRQ@!                                  :?pK@&@Q0000000000000000000000000000000000000000000000000000000000000000000000000000000000000000000000000000000000000RRMMQ3_.                         =hQDC"        >4@Ek0Q0W&z'....       /5B00000000000000000000000000000000000000000000000000000000000000000000000Qgs|:                                        ^f@0R000Q0R2: aN0RR0R0000000000000000000000000R00000000R0000
0000000000000000000000000000000000000000000000000000000000000000000000000MQQD6\.                                    =i[hQ0000000000000000000000000000000000000000000000000000000000000000000000000000000000000000000000000000000000000RRRRQh<.                       .')oj{^....      ,=-^?z1c=  .           )PQ000000000000000000000000000000000000000000000000000000000000000000000000RDXFl'-                                     |dR0R00QRS| {8RRR0R00000000000000000000000000000M0QRRM00NQQ
0000000000000000000000000000000000000000000000000000000000000000000000000RQ8{: `                                   ^uGMR00000000000000000000000000000000000000000000000000000000000000000000000000000000000000000000000000000000000000RRRRQk*.                       .;^`                     ..           ` `FR000000000000000000000000000000000000000000000000000000000000000000000000QQ00Bds`                                    ,6MQ00RQg\ lOQMR0R00000000000000000000000000R0R0WNMWDDMQ@AD
00000000000000000000000000000000000000000000000000000000000000000000R00QQRPi                                     ^z&QQ0RRR00000000000000000000000000000000000000000000000000000000000000000000000000000000000000000000000000000000000000RRQ@t.                     =1F3};`\![%:                            . |d000000000000000000000000000000000000000000000000000000000000000000000000000QMQQXi.                                  .|1YM0QQbv |gMQM0R000000000000R0R000R0RQRR0RR00QQ4lx<=)]fx;l
000000000000000000000000000000000000000000000000000000000000000000000000R&x                                     ,wNQRRRRRR000000000000000000000000000000000000000000000000000000000000000000000000000000000000000000000000000000000000000RQWu'.                    :%o#u%`^obkT=                  .         -TDQ000000000000000000000000000000000000000000000000000000000000000000000000000RR0D?` .                                ` _/i[fhl.^VRR0RR0000000000000000RRRR000QRQQQQAhd#,.    `  `
00000000000000000000000000000000000000000000000000000000000000000000000RM$*.                                    `{ZQ0RRRR0000000000000000000000000000000000000000000000000000000000000000000000000000000000000000000000000000000000000QQQQQOI-                              =c]|               _-  .       _[8Q000000000000000000000000000000000000000000000000000000000000000000000000R000R00Qw, ..                                        ^5RR0R00R000000000QQQQQQQQ0MMK@A4pfL1\_-;`    .-  `
000000000000000000000000000000000000000000000000000000000000000000000000MN&T> .                                 `:CN0QR00000000000000000000000000000000000000000000000000000000000000000000000000000000000000000000000000000000000000R@EgbOy\_`                                                >*=        <wKQ00000000000000000000000000000000000000000000000000000000000000000000000000000000QPv..                                 `.     .=#N0R000Q0Q0QQQQQRMH@AbSyLolv/=:-                  
000000000000000000000000000000000000000000000000000000000000000000000000RRRBEx"_                                 _t&0Q000000000000000000000000000000000000000000000000000000000000000000000000000000000000000000000000000000000R000RNY!` _;:_-                                                 ^L6zx=:/<{w&QQ0000000000000000000000000000000000000000000000000000000000000000000000000000000000NJ;.                                  ,=:-.   -dQQQQRDUZA8XwTt?*</:_                            
000000000000000000000000000000000000000000000000000000000000000000000000R0RRMOu<                                  "d000000000000000000000000000000000000000000000000000000000000000000000000000000000000000000000000000000000000000QMdv   ..                                                    ,]gDOEPAW0000000000000000000000000000000000000000000000000000000000000000000000000000000000000RQHo-                               ^v+,"i/:.  xgyq6u}x|`^=:                                     
0000000000000000000000RR00000000RR00000QQQQQQQQQQQ0000000000000000000000000R0Qbs                                  ,5QQ000000000000000000000000000000000000000000000000000000000000000000000000000000000000000000000000000000000000R00P%                                                        .  "wHQQ0RRRR00R000000000000000000000000000000000000000000000000000000000000000000000000000000000Q${`.                          `=<L&Yj`'..^rt}\             . .                            .-=c
00000000000000000000RRRR00QQQQQQQQQQQQQOmn]{u6gY@BQRQRR000000000R00000000R00R0&!                                  ;2RQQ00000000000000000000000000000000000000000000000000000000000000000000000000000000000000000000000000000000000000Kpc`                                                          .lVM0RR00R00000000000000000000000000000000000000000000000000000000000000000000000000000R00R0R0Q&1'                        -vTL1jdF>.  `vTr.                .                            =wZH
0000000000000000000000QQRNKU$OOYPE4465?:`    .-,>%7dKQQQ0RRRRRRRR00000000Q00R0Hu`                                 =gR0Q0000000000000000000000000000000000000000000000000000000000000000000000000000000000000000000000000000000000R00MRQXv                                                            :}Z0RR00000000000000000000000000000000000000000000000000000000000000000000000000000000RR000QQQ$1_                      ._%i:'\i)`    `.                                           ^<}TbRN0
00000000000000000R00QWgTc\=;=__-`                  -%uh&RR0RMMRRRR0000000RNQ00RE>                             .  .r8Q0000000000000000000000000000000000000000000000000000000000000000000000000000000000000000000000000000000000000000QQWC;                                 .^%c"_.                     LN0R00000000000000000000000000000000000000000000000000000000000000000000000000000R0RRRRRNGmAQM?_                     .             .                                      _/r72hb8WQQ0M0
00000000000000000RM0gs-`.  `^=:`                       "IT48BMQRRRRRRRRRRRNR0RQBn_                             )augKR00000000000000000000000000000000000000000000000000000000000000000000000000000000000000000000000000000000000R000QQ0QDSr.                               ..\fYbVqpmmyo{\=-          'wM0RRR000000000000000000000000000000000000000000000000000000000000000000000000000R0000Q&!_ +{]v_                                                                       -x1qYKN0QR0RRR000
0000000000000000R0RM!^et_\jS&UAdmf1{\- `                  `/sjmPKBR0QQQQ0RQQQQQQ@z,._;.                     'lzpQQQQ000R0000000000000000000000000000000000000000000000000000000000000000000000000000000000000000000000000000000000000000QM4c                                  .LDRQQQQQQR@OSJtc":.  ^!EBR0R00000000000000000000000000000000000000000000000000000000000000000000000000000R000QQA)                                                           .              ."vzdHNQQQ0RRRRRR0000
0000000000000000R0RR$@QAd$QQQRQQQQ0Dgi .,xi:                  `+"%?75Sg6JzathP&@$Y#==i,                .;>[awgQQ0000000000000000000000000000000000000000000000000000000000000000000000000000000000000000000000000000000000000000000000000QR&y}>/,                              -#DR0R000QQQQQQMDkdpSANQQ0RR00R000000000000000000000000000000000000000000000000000000000000000000000000000R0R0QYi..                                                            ..`__':;^)ceT2bWQ0000000R00000000
0000000000000000R0RRQQ0QQR0RMRMRR0Mw^->oE0NGS#[l":                           `;|+/'                    .:>z4WQ0RR0000000000000000000000000000000000000000000000000000000000000000000000000000000000000000000000000000000000000000000000000QQQWH$go^                             |XQ0000R000R00QQQQQQQ000000R0000000000000000000000000000000000000000000000000000000000000000000000000000R00M0QYc.                                                     =ir[ofy335FhVVdGbk$WMB0Q0Q000000000000000
00000000000000000000000RRRRRRRRR00R&64HQQ0QQQQQRU4w}_. . ....         ...`..                               _Ib0Q000000R0000000000000000000000000000000000000000000000000000000000000000000000000000000000000000000000000000000000000000000000QQQQBf/                            =dQ00R00000000000R000000000R000000000000000000000000000000000000000000000000000000000000000000000000000000000QBj'                                              .-_;c{jXKWRQQQQQ0RQQRRQQ00RM00000000000000000000
000000000000000000000000RRRRRRRR0RRQQQQRR00RR00QQQMd" ./+:                  ..                               iSWQ000R00R00000000000000000000000000000000000000000000000000000000000000000000000000000000000000000000000000000000000000000000000000D7`                           :SQ00RR0000000000000000000000000000000000000000000000000000000000000000000000000000000000000000000000000000RR0Q6+                                           .. |5Y8MRQQQQ00RRRRRR00RR00RRRRRR000000000000000000
0000000000000000000000000000000000000000000000000Q0DJ!#AG[:\*+                ..                              =LRQQR0R000000000000000000000000000000000000000000000000000000000000000000000000000000000000000000000000000000000000000000000000000RQE>                           -TB00RR00000000000000000000000000000000000000000000000000000000000000000000000000000000000000000000000000000RRQP).                                         .  -6WQR0Q0000000000RRRRRRRRRRRRRRRR0000000000000000
000000000000000000000000000000000000000000000000R0R0NM0QHEgKp='i*!)                                            _IyAM0RR000000000000000000000000000000000000000000000000000000000000000000000000000000000000000000000000000000000000000000000000000QKj:                           rOQRRRRRRR000000000000000000000000000000000000000000000000000000000000000000000000000000000000000000000R00R0R0B[_                                           ?dMQR0RRRR00000000R00000R0000000000000000000000000
0000000000000000000000000000000000000000000000000000QQ00RQQQBZbDKMbn)'                                           =5W0RR000000000000000000000000000000000000000000000000000000000000000000000000000000000000000000000000000000000000000000000000QQ00R2^                           vbQMR0RRMR00R0000000000000000000000000000000000000000000000000000000000000000000000000000000000000000000000000Qw:                                          .uNQRRRRRRRRR00000000000000000000000000000000000000
000000000000000000000000000000000000000000000000000000000R000QQRM0RRDVJa>'  .                                   >SM0R0R00000000000000000000000000000000000000000000000000000000000000000000000000000000000000000000000000000000000000000000000RR00R&t-                           vbQR0000000000000000000000000000000000000000000000000000000000000000000000000000000000000000000000000000000000Qgl`                                          'fMMM0RRRRRR00000000000000000000000000000000000000
00000000000000000000000000000000000000000000000000000000000000R00R0RQQQM8Pe'                                   "VQR000RR000000000000000000000000000000000000000000000000000000000000000000000000000000000000000000000000000000000000000000000000R0RKy>'                          vbQR00R00R00000000000000000000000000000000000000000000000000000000000000000000000000000000000000000000000000000R82*<:                                        )PRM00RR00000000000000000000000000000000000000000
000000000000000000000000000000000000000000000000000000000000R0000000R00RRQKS:                                .vdM0MQR0R0000000000000000000000000000000000000000000000000000000000000000000000000000000000000000000000000000000000000000000000000000RRKF\                         )GQ0R00000000000000000000000000000000000000000000000000000000000000000000000000000000000000000000000000000000000QQR$PFI+                                     `tD0R00000000000000000000000000000000000000000000
0000000000000000000000000000000000000000000000000000000000000000000000000RQRSi                               `}KQRR0RR00000000000000000000000000000000000000000000000000000000000000000000000000000000000000000000000000000000000000000000000000000QQ@L^                        ;wB00000000000000000000000000000000000000000000000000000000000000000000000000000000000000000000000000000000000000000QQQW&S7,                                   <Y0RR00R0000000000000000000000000000000000000000
000000000000000000000000000000000000000000000000000000000000000000000000R000Nu;.                              |EQR0RRR0R000000000000000000000000000000000000000000000000000000000000000000000000000000000000000000000000000000000000000000000000R0QMX1,                        %gNRRR000000000000000000000000000000000000000000000000000000000000000000000000000000000000000000000000000000000000000000RQQMw| `                                :5W0R0000000000000000000000000000000000000000000
0000000000000000000000000000000000000000000000000000000000000000000000000R0Mq\ `                              _700RR0R0R000000000000000000000000000000000000000000000000000000000000000000000000000000000000000000000000000000000000000000000000QRbz^                          {8Q00000000000000000000000000000000000000000000000000000000000000000000000000000000000000000000000000000000000000000000000R0Nw:.                                "EM0RR000000000000000000000000000000000000000000
000000000000000000000000000000000000000000000000000000000000000000000000R00Yc_ .                              .cDQR00R0R0000000000000000000000000000000000000000000000000000000000000000000000000000000000000000000000000000000RR000000000000RRQ$T"                            _e@0RR000000000000000000000000000000000000000000000000000000000000000000000000000000000000000000000000000000000000000000000RQH[-                                %@RR00R00000000000000000000000000000000000000000
000000000000000000000000000000000000000000000000000000000000000000000000R0Rd..                                 =dQ0R00000000000000000000000000000000000000000000000000000000000000000000000000000000000000000000000000000000000RR000000R00RR0QQgx                               _TBMMR00000000000000000000000000000000000000000000000000000000000000000000000000000000000000000000000000000000000000000000M0Q2,                                x@RR000Q0000000000000000000000000000000000000000
000000000000000000000000000000000000000000000000000000000000000000000000RRRd                                   :CMQ000000000000000000000000000000000000000000000000000000000000000000000000000000000000000000000000000000000000RR00000000R0RRDm>                                 ,yN0R000000000000000000000000000000000000000000000000000000000000000000000000000000000000000000000000000000000000000000RRRRQ3;                                x@RRQ0QQ0000000000000000000000000000000000000000
000000000000000000000000000000000000000000000000000000000000000000000000R0Rd .                                 .r8QQ00R00000000000000000000000000000000000000000000000000000000000000000000000000000000000000000000000000000000RR00000000R0R@J=                                   [@QR000000000000000000000000000000000000000000000000000000000000000000000000000000000000000000000000000000000000000000RRRRQ2;                                x@RRQ00Q0000000000000000000000000000000000000000