00000000000000000000000000000000000000000000000000000000000000000000000000000000000000000000000000000000000000000000000000000000000000000000000000000000000000000000000000000000000000000000000000000000000000000000000000000000000000000000000000000000000000000000000000000000000000000000000000000000000000000000000000000000000000000000000000000000000000000000000000000000000000000000000000000000000000000000000000000000000000000000000000000000000000000000000000000000000000000000000
00000000000000000000000000000000000000000000000000000000000000000000000000000000000000000000000000000000000000000000000000000000000000000000000000000000000000000000000000000000000000000000000000000000000000000000000000000000000000000000000000000000000000000000000000000000000000000000000000000000000000000000000000000000000000000000000000000000000000000000000000000000000000000000000000000000000000000000000000000000000000000000000000000000000000000000000000000000000000000000000
00000000000000000000000000000000000000000000000000000000000000000000000000000000000000000000000000000000000000000000000000000000000000000000000000000000000000000000000000000000000000000000000000000000000000000000000000000000000000000000000000000000000000000000000000000000000000000000000000000000000000000000000000000000000000000000000000000000000000000000000000000000000000000000000000000000000000000000000000000000000000000000000000000000000000000000000000000000000000000000000
00000000000000000000000000000000000000000000000000000000000000000000000000000000000000000000000000000000000000000000000000000000000000000000000000000000000000000000000000000000000000000000000000000000000000000000000000000000000000000000000000000000000000000000000000000000000000000000000000000000000000000000000000000000000000000000000000000000000000000000000000000000000000000000000000000000000000000000000000000000000000000000000000000000000000000000000000000000000000000000000
00000000000000000000000000000000000000000000000000000000000000000000000000000000000000000000000000000000000000000000000000000000000000000000000000000000000000000000000000000000000000000000000000000000000000000000000000000000000000000000000000000000000000000000000000000000000000000000000000000000000000000000000000000000000000000000000000000000000000000000000000000000000000000000000000000000000000000000000000000000000000000000000000000000000000000000000000000000000000000000000
00000000000000000000000000000000000000000000000000000000000000000000000000000000000000000000000000000000000000000000000000000000000000000000000000000000000000000000000000000000000000000000000000000000000000000000000000000000000000000000000000000000000000000000000000000000000000000000000000000000000000000000000000000000000000000000000000000000000000000000000000000000000000000000000000000000000000000000000000000000000000000000000000000000000000000000000000000000000000000000000
00000000000000000000000000000000000000000000000000000000000000000000000000000000000000000000000000000000000000000000000000000000000000000000000000000000000000000000000000000000000000000000000000000000000000000000000000000000000000000000000000000000000000000000000000000000000000000000000000000000000000000000000000000000000000000000000000000000000000000000000000000000000000000000000000000000000000000000000000000000000000000000000000000000000000000000000000000000000000000000000
00000000000000000000000000000000000000000000000000000000000000000000000000000000000000000000000000000000000000000000000000000000000000000000000000000000000000000000000000000000000000000000000000000000000000000000000000000000000000000000000000000000000000000000000000000000000000000000000000000000000000000000000000000000000000000000000000000000000000000000000000000000000000000000000000000000000000000000000000000000000000000000000000000000000000000000000000000000000000000000000
00000000000000000000000000000000000000000000000000000000000000000000000000000000000000000000000000000000000000000000000000000000000000000000000000000000000000000000000000000000000000000000000000000000000000000000000000000000000000000000000000000000000000000000000000000000000000000000000000000000000000000000000000000000000000000000000000000000000000000000000000000000000000000000000000000000000000000000000000000000000000000000000000000000000000000000000000000000000000000000000
00000000000000000000000000000000000000000000000000000000000000000000000000000000000000000000000000000000000000000000000000000000000000000000000000000000000000000000000000000000000000000000000000000000000000000000000000000000000000000000000000000000000000000000000000000000000000000000000000000000000000000000000000000000000000000000000000000000000000000000000000000000000000000000000000000000000000000000000000000000000000000000000000000000000000000000000000000000000000000000000
00000000000000000000000000000000000000000000000000000000000000000000000000000000000000000000000000000000000000000000000000000000000000000000000000000000000000000000000000000000000000000000000000000000000000000000000000000000000000000000000000000000000000000000000000000000000000000000000000000000000000000000000000000000000000000000000000000000000000000000000000000000000000000000000000000000000000000000000000000000000000000000000000000000000000000000000000000000000000000000000
00000000000000000000000000000000000000000000000000000000000000000000000000000000000000000000000000000000000000000000000000000000000000000000000000000000000000000000000000000000000000000000000000000000000000000000000000000000000000000000000000000000000000000000000000000000000000000000000000000000000000000000000000000000000000000000000000000000000000000000000000000000000000000000000000000000000000000000000000000000000000000000000000000000000000000000000000000000000000000000000
00000000000000000000000000000000000000000000000000000000000000000000000000000000000000000000000000000000000000000000000000000000000000000000000000000000000000000000000000000000000000000000000000000000000000000000000000000000000000000000000000000000000000000000000000000000000000000000000000000000000000000000000000000000000000000000000000000000000000000000000000000000000000000000000000000000000000000000000000000000000000000000000000000000000000000000000000000000000000000000000
00000000000000000000000000000000000000000000000000000000000000000000000000000000000000000000000000000000000000000000000000000000000000000000000000000000000000000000000000000000000000000000000000000000000000000000000000000000000000000000000000000000000000000000000000000000000000000000000000000000000000000000000000000000000000000000000000000000000000000000000000000000000000000000000000000000000000000000000000000000000000000000000000000000000000000000000000000000000000000000000
00000000000000000000000000000000000000000000000000000000000000000000000000000000000000000000000000000000000000000000000000000000000000000000000000000000000000000000000000000000000000000000000000000000000000000000000000000000000000000000000000000000000000000000000000000000000000000000000000000000000000000000000000000000000000000000000000000000000000000000000000000000000000000000000000000000000000000000000000000000000000000000000000000000000000000000000000000000000000000000000
00000000000000000000000000000000000000000000000000000000000000000000000000000000000000000000000000000000000000000000000000000000000000000000000000000000000000000000000000000000000000000000000000000000000000000000000000000000000000000000000000000000000000000000000000000000000000000000000000000000000000000000000000000000000000000000000000000000000000000000000000000000000000000000000000000000000000000000000000000000000000000000000000000000000000000000000000000000000000000000000
00000000000000000000000000000000000000000000000000000000000000000000000000000000000000000000000000000000000000000000000000000000000000000000000000000000000000000000000000000000000000000000000000000000000000000000000000000000000000000000000000000000000000000000000000000000000000000000000000000000000000000000000000000000000000000000000000000000000000000000000000000000000000000000000000000000000000000000000000000000000000000000000000000000000000000000000000000000000000000000000
00000000000000000000000000000000000000000000000000000000000000000000000000000000000000000000000000000000000000000000000000000000000000000000000000000000000000000000000000000000000000000000000000000000000000000000000000000000000000000000000000000000000000000000000000000000000000000000000000000000000000000000000000000000000000000000000000000000000000000000000000000000000000000000000000000000000000000000000000000000000000000000000000000000000000000000000000000000000000000000000
00000000000000000000000000000000000000000000000000000000000000000000000000000000000000000000000000000000000000000000000000000000000000000000000000000000000000000000000000000000000000000000000000000000000000000000000000000000000000000000000000000000000000000000000000000000000000000000000000000000000000000000000000000000000000000000000000000000000000000000000000000000000000000000000000000000000000000000000000000000000000000000000000000000000000000000000000000000000000000000000
00000000000000000000000000000000000000000000000000000000000000000000000000000000000000000000000000000000000000000000000000000000000000000000000000000000000000000000000000000000000000000000000000000000000000000000000000000000000000000000000000000000000000000000000000000000000000000000000000000000000000000000000000000000000000000000000000000000000000000000000000000000000000000000000000000000000000000000000000000000000000000000000000000000000000000000000000000000000000000000000
00000000000000000000000000000000000000000000000000000000000000000000000000000000000000000000000000000000000000000000000000000000000000000000000000000000000000000000000000000000000000000000000000000000000000000000000000000000000000000000000000000000000000000000000000000000000000000000000000000000000000000000000000000000000000000000000000000000000000000000000000000000000000000000000000000000000000000000000000000000000000000000000000000000000000000000000000000000000000000000000
00000000000000000000000000000000000000000000000000000000000000000000000000000000000000000000000000000000000000000000000000000000000000000000000000000000000000000000000000000000000000000000000000000000000000000000000000000000000000000000000000000000000000000000000000000000000000000000000000000000000000000000000000000000000000000000000000000000000000000000000000000000000000000000000000000000000000000000000000000000000000000000000000000000000000000000000000000000000000000000000
00000000000000000000000000000000000000000000000000000000000000000000000000000000000000000000000000000000000000000000000000000000000000000000000000000000000000000000000000000000000000000000000000000000000000000000000000000000000000000000000000000000000000000000000000000000000000000000000000000000000000000000000000000000000000000000000000000000000000000000000000000000000000000000000000000000000000000000000000000000000000000000000000000000000000000000000000000000000000000000000
00000000000000000000000000000000000000000000000000000000000000000000000000000000000000000000000000000000000000000000000000000000000000000000000000000000000000000000000000000000000000000000000000000000000000000000000000000000000000000000000000000000000000000000000000000000000000000000000000000000000000000000000000000000000000000000000000000000000000000000000000000000000000000000000000000000000000000000000000000000000000000000000000000000000000000000000000000000000000000000000
00000000000000000000000000000000000000000000000000000000000000000000000000000000000000000000000000000000000000000000000000000000000000000000000000000000000000000000000000000000000000000000000000000000000000000000000000000000000000000000000000000000000000000000000000000000000000000000000000000000000000000000000000000000000000000000000000000000000000000000000000000000000000000000000000000000000000000000000000000000000000000000000000000000000000000000000000000000000000000000000
00000000000000000000000000000000000000000000000000000000000000000000000000000000000000000000000000000000000000000000000000000000000000000000000000000000000000000000000000000000000000000000000000000000000000000000000000000000000000000000000000000000000000000000000000000000000000000000000000000000000000000000000000000000000000000000000000000000000000000000000000000000000000000000000000000000000000000000000000000000000000000000000000000000000000000000000000000000000000000000000
00000000000000000000000000000000000000000000000000000000000000000000000000000000000000000000000000000000000000000000000000000000000000000000000000000000000000000000000000000000000000000000000000000000000000000000000000000000000000000000000000000000000000000000000000000000000000000000000000000000000000000000000000000000000000000000000000000000000000000000000000000000000000000000000000000000000000000000000000000000000000000000000000000000000000000000000000000000000000000000000
00000000000000000000000000000000000000000000000000000000000000000000000000000000000000000000000000000000000000000000000000000000000000000000000000000000000000000000000000000000000000000000000000000000000000000000000000000000000000000000000000000000000000000000000000000000000000000000000000000000000000000000000000000000000000000000000000000000000000000000000000000000000000000000000000000000000000000000000000000000000000000000000000000000000000000000000000000000000000000000000
00000000000000000000000000000000000000000000000000000000000000000000000000000000000000000000000000000000000000000000000000000000000000000000000000000000000000000000000000000000000000000000000000000000000000000000000000000000000000000000000000000000000000000000000000000000000000000000000000000000000000000000000000000000000000000000000000000000000000000000000000000000000000000000000000000000000000000000000000000000000000000000000000000000000000000000000000000000000000000000000
00000000000000000000000000000000000000000000000000000000000000000000000000000000000000000000000000000000000000000000000000000000000000000000000000000000000000000000000000000000000000000000000000000000000000000000000000000000000000000000000000000000000000000000000000000000000000000000000000000000000000000000000000000000000000000000000000000000000000000000000000000000000000000000000000000000000000000000000000000000000000000000000000000000000000000000000000000000000000000000000
00000000000000000000000000000000000000000000000000000000000000000000000000000000000000000000000000000000000000000000000000000000000000000000000000000000000000000000000000000000000000000000000000000000000000000000000000000000000000000000000000000000000000000000000000000000000000000000000000000000000000000000000000000000000000000000000000000000000000000000000000000000000000000000000000000000000000000000000000000000000000000000000000000000000000000000000000000000000000000000000
00000000000000000000000000000000000000000000000000000000000000000000000000000000000000000000000000000000000000000000000000000000000000000000000000000000000000000000000000000000000000000000000000000000000000000000000000000000000000000000000000000000000000000000000000000000000000000000000000000000000000000000000000000000000000000000000000000000000000000000000000000000000000000000000000000000000000000000000000000000000000000000000000000000000000000000000000000000000000000000000
00000000000000000000000000000000000000000000000000000000000000000000000000000000000000000000000000000000000000000000000000000000000000000000000000000000000000000000000000000000000000000000000000000000000000000000000000000000000000000000000000000000000000000000000000000000000000000000000000000000000000000000000000000000000000000000000000000000000000000000000000000000000000000000000000000000000000000000000000000000000000000000000000000000000000000000000000000000000000000000000
00000000000000000000000000000000000000000000000000000000000000000000000000000000000000000000000000000000000000000000000000000000000000000000000000000000000000000000000000000000000000000000000000000000000000000000000000000000000000000000000000000000000000000000000000000000000000000000000000000000000000000000000000000000000000000000000000000000000000000000000000000000000000000000000000000000000000000000000000000000000000000000000000000000000000000000000000000000000000000000000
00000000000000000000000000000000000000000000000000000000000000000000000000000000000000000000000000000000000000000000000000000000000000000000000000000000000000000000000000000000000000000000000000000000000000000000000000000000000000000000000000000000000000000000000000000000000000000000000000000000000000000000000000000000000000000000000000000000000000000000000000000000000000000000000000000000000000000000000000000000000000000000000000000000000000000000000000000000000000000000000
00000000000000000000000000000000000000000000000000000000000000000000000000000000000000000000000000000000000000000000000000000000000000000000000000000000000000000000000000000000000000000000000000000000000000000000000000000000000000000000000000000000000000000000000000000000000000000000000000000000000000000000000000000000000000000000000000000000000000000000000000000000000000000000000000000000000000000000000000000000000000000000000000000000000000000000000000000000000000000000000
00000000000000000000000000000000000000000000000000000000000000000000000000000000000000000000000000000000000000000000000000000000000000000000000000000000000000000000000000000000000000000000000000000000000000000000000000000000000000000000000000000000000000000000000000000000000000000000000000000000000000000000000000000000000000000000000000000000000000000000000000000000000000000000000000000000000000000000000000000000000000000000000000000000000000000000000000000000000000000000000
00000000000000000000000000000000000000000000000000000000000000000000000000000000000000000000000000000000000000000000000000000000000000000000000000000000000000000000000000000000000000000000000000000000000000000000000000000000000000000000000000000000000000000000000000000000000000000000000000000000000000000000000000000000000000000000000000000000000000000000000000000000000000000000000000000000000000000000000000000000000000000000000000000000000000000000000000000000000000000000000
00000000000000000000000000000000000000000000000000000000000000000000000000000000000000000000000000000000000000000000000000000000000000000000000000000000000000000000000000000000000000000000000000000000000000000000000000000000000000000000000000000000000000000000000000000000000000000000000000000000000000000000000000000000000000000000000000000000000000000000000000000000000000000000000000000000000000000000000000000000000000000000000000000000000000000000000000000000000000000000000
00000000000000000000000000000000000000000000000000000000000000000000000000000000000000000000000000000000000000000000000000000000000000000000000000000000000000000000000000000000000000000000000000000000000000000000000000000000000000000000000000000000000000000000000000000000000000000000000000000000000000000000000000000000000000000000000000000000000000000000000000000000000000000000000000000000000000000000000000000000000000000000000000000000000000000000000000000000000000000000000
00000000000000000000000000000000000000000000000000000000000000000000000000000000000000000000000000000000000000000000000000000000000000000000000000000000000000000000000000000000000000000000000000000000000000000000000000000000000000000000000000000000000000000000000000000000000000000000000000000000000000000000000000000000000000000000000000000000000000000000000000000000000000000000000000000000000000000000000000000000000000000000000000000000000000000000000000000000000000000000000
00000000000000000000000000000000000000000000000000000000000000000000000000000000000000000000000000000000000000000000000000000000000000000000000000000000000000000000000000000000000000000000000000000000000000000000000000000000000000000000000000000000000000000000000000000000000000000000000000000000000000000000000000000000000000000000000000000000000000000000000000000000000000000000000000000000000000000000000000000000000000000000000000000000000000000000000000000000000000000000000
00000000000000000000000000000000000000000000000000000000000000000000000000000000000000000000000000000000000000000000000000000000000000000000000000000000000000000000000000000000000000000000000000000000000000000000000000000000000000000000000000000000000000000000000000000000000000000000000000000000000000000000000000000000000000000000000000000000000000000000000000000000000000000000000000000000000000000000000000000000000000000000000000000000000000000000000000000000000000000000000
00000000000000000000000000000000000000000000000000000000000000000000000000000000000000000000000000000000000000000000000000000000000000000000000000000000000000000000000000000000000000000000000000000000000000000000000000000000000000000000000000000000000000000000000000000000000000000000000000000000000000000000000000000000000000000000000000000000000000000000000000000000000000000000000000000000000000000000000000000000000000000000000000000000000000000000000000000000000000000000000
00000000000000000000000000000000000000000000000000000000000000000000000000000000000000000000000000000000000000000000000000000000000000000000000000000000000000000000000000000000000000000000000000000000000000000000000000000000000000000000000000000000000000000000000000000000000000000000000000000000000000000000000000000000000000000000000000000000000000000000000000000000000000000000000000000000000000000000000000000000000000000000000000000000000000000000000000000000000000000000000
00000000000000000000000000000000000000000000000000000000000000000000000000000000000000000000000000000000000000000000000000000000000000000000000000000000000000000000000000000000000000000000000000000000000000000000000000000000000000000000000000000000000000000000000000000000000000000000000000000000000000000000000000000000000000000000000000000000000000000000000000000000000000000000000000000000000000000000000000000000000000000000000000000000000000000000000000000000000000000000000
00000000000000000000000000000000000000000000000000000000000000000000000000000000000000000000000000000000000000000000000000000000000000000000000000000000000000000000000000000000000000000000000000000000000000000000000000000000000000000000000000000000000000000000000000000000000000000000000000000000000000000000000000000000000000000000000000000000000000000000000000000000000000000000000000000000000000000000000000000000000000000000000000000000000000000000000000000000000000000000000
00000000000000000000000000000000000000000000000000000000000000000000000000000000000000000000000000000000000000000000000000000000000000000000000000000000000000000000000000000000000000000000000000000000000000000000000000000000000000000000000000000000000000000000000000000000000000000000000000000000000000000000000000000000000000000000000000000000000000000000000000000000000000000000000000000000000000000000000000000000000000000000000000000000000000000000000000000000000000000000000
00000000000000000000000000000000000000000000000000000000000000000000000000000000000000000000000000000000000000000000000000000000000000000000000000000000000000000000000000000000000000000000000000000000000000000000000000000000000000000000000000000000000000000000000000000000000000000000000000000000000000000000000000000000000000000000000000000000000000000000000000000000000000000000000000000000000000000000000000000000000000000000000000000000000000000000000000000000000000000000000
00000000000000000000000000000000000000000000000000000000000000000000000000000000000000000000000000000000000000000000000000000000000000000000000000000000000000000000000000000000000000000000000000000000000000000000000000000000000000000000000000000000000000000000000000000000000000000000000000000000000000000000000000000000000000000000000000000000000000000000000000000000000000000000000000000000000000000000000000000000000000000000000000000000000000000000000000000000000000000000000
00000000000000000000000000000000000000000000000000000000000000000000000000000000000000000000000000000000000000000000000000000000000000000000000000000000000000000000000000000000000000000000000000000000000000000000000000000000000000000000000000000000000000000000000000000000000000000000000000000000000000000000000000000000000000000000000000000000000000000000000000000000000000000000000000000000000000000000000000000000000000000000000000000000000000000000000000000000000000000000000
00000000000000000000000000000000000000000000000000000000000000000000000000000000000000000000000000000000000000000000000000000000000000000000000000000000000000000000000000000000000000000000000000000000000000000000000000000000000000000000000000000000000000000000000000000000000000000000000000000000000000000000000000000000000000000000000000000000000000000000000000000000000000000000000000000000000000000000000000000000000000000000000000000000000000000000000000000000000000000000000
00000000000000000000000000000000000000000000000000000000000000000000000000000000000000000000000000000000000000000000000000000000000000000000000000000000000000000000000000000000000000000000000000000000000000000000000000000000000000000000000000000000000000000000000000000000000000000000000000000000000000000000000000000000000000000000000000000000000000000000000000000000000000000000000000000000000000000000000000000000000000000000000000000000000000000000000000000000000000000000000
00000000000000000000000000000000000000000000000000000000000000000000000000000000000000000000000000000000000000000000000000000000000000000000000000000000000000000000000000000000000000000000000000000000000000000000000000000000000000000000000000000000000000000000000000000000000000000000000000000000000000000000000000000000000000000000000000000000000000000000000000000000000000000000000000000000000000000000000000000000000000000000000000000000000000000000000000000000000000000000000
00000000000000000000000000000000000000000000000000000000000000000000000000000000000000000000000000000000000000000000000000000000000000000000000000000000000000000000000000000000000000000000000000000000000000000000000000000000000000000000000000000000000000000000000000000000000000000000000000000000000000000000000000000000000000000000000000000000000000000000000000000000000000000000000000000000000000000000000000000000000000000000000000000000000000000000000000000000000000000000000
00000000000000000000000000000000000000000000000000000000000000000000000000000000000000000000000000000000000000000000000000000000000000000000000000000000000000000000000000000000000000000000000000000000000000000000000000000000000000000000000000000000000000000000000000000000000000000000000000000000000000000000000000000000000000000000000000000000000000000000000000000000000000000000000000000000000000000000000000000000000000000000000000000000000000000000000000000000000000000000000
00000000000000000000000000000000000000000000000000000000000000000000000000000000000000000000000000000000000000000000000000000000000000000000000000000000000000000000000000000000000000000000000000000000000000000000000000000000000000000000000000000000000000000000000000000000000000000000000000000000000000000000000000000000000000000000000000000000000000000000000000000000000000000000000000000000000000000000000000000000000000000000000000000000000000000000000000000000000000000000000
00000000000000000000000000000000000000000000000000000000000000000000000000000000000000000000000000000000000000000000000000000000000000000000000000000000000000000000000000000000000000000000000000000000000000000000000000000000000000000000000000000000000000000000000000000000000000000000000000000000000000000000000000000000000000000000000000000000000000000000000000000000000000000000000000000000000000000000000000000000000000000000000000000000000000000000000000000000000000000000000
00000000000000000000000000000000000000000000000000000000000000000000000000000000000000000000000000000000000000000000000000000000000000000000000000000000000000000000000000000000000000000000000000000000000000000000000000000000000000000000000000000000000000000000000000000000000000000000000000000000000000000000000000000000000000000000000000000000000000000000000000000000000000000000000000000000000000000000000000000000000000000000000000000000000000000000000000000000000000000000000
00000000000000000000000000000000000000000000000000000000000000000000000000000000000000000000000000000000000000000000000000000000000000000000000000000000000000000000000000000000000000000000000000000000000000000000000000000000000000000000000000000000000000000000000000000000000000000000000000000000000000000000000000000000000000000000000000000000000000000000000000000000000000000000000000000000000000000000000000000000000000000000000000000000000000000000000000000000000000000000000
00000000000000000000000000000000000000000000000000000000000000000000000000000000000000000000000000000000000000000000000000000000000000000000000000000000000000000000000000000000000000000000000000000000000000000000000000000000000000000000000000000000000000000000000000000000000000000000000000000000000000000000000000000000000000000000000000000000000000000000000000000000000000000000000000000000000000000000000000000000000000000000000000000000000000000000000000000000000000000000000
00000000000000000000000000000000000000000000000000000000000000000000000000000000000000000000000000000000000000000000000000000000000000000000000000000000000000000000000000000000000000000000000000000000000000000000000000000000000000000000000000000000000000000000000000000000000000000000000000000000000000000000000000000000000000000000000000000000000000000000000000000000000000000000000000000000000000000000000000000000000000000000000000000000000000000000000000000000000000000000000
00000000000000000000000000000000000000000000000000000000000000000000000000000000000000000000000000000000000000000000000000000000000000000000000000000000000000000000000000000000000000000000000000000000000000000000000000000000000000000000000000000000000000000000000000000000000000000000000000000000000000000000000000000000000000000000000000000000000000000000000000000000000000000000000000000000000000000000000000000000000000000000000000000000000000000000000000000000000000000000000
00000000000000000000000000000000000000000000000000000000000000000000000000000000000000000000000000000000000000000000000000000000000000000000000000000000000000000000000000000000000000000000000000000000000000000000000000000000000000000000000000000000000000000000000000000000000000000000000000000000000000000000000000000000000000000000000000000000000000000000000000000000000000000000000000000000000000000000000000000000000000000000000000000000000000000000000000000000000000000000000
00000000000000000000000000000000000000000000000000000000000000000000000000000000000000000000000000000000000000000000000000000000000000000000000000000000000000000000000000000000000000000000000000000000000000000000000000000000000000000000000000000000000000000000000000000000000000000000000000000000000000000000000000000000000000000000000000000000000000000000000000000000000000000000000000000000000000000000000000000000000000000000000000000000000000000000000000000000000000000000000
00000000000000000000000000000000000000000000000000000000000000000000000000000000000000000000000000000000000000000000000000000000000000000000000000000000000000000000000000000000000000000000000000000000000000000000000000000000000000000000000000000000000000000000000000000000000000000000000000000000000000000000000000000000000000000000000000000000000000000000000000000000000000000000000000000000000000000000000000000000000000000000000000000000000000000000000000000000000000000000000
00000000000000000000000000000000000000000000000000000000000000000000000000000000000000000000000000000000000000000000000000000000000000000000000000000000000000000000000000000000000000000000000000000000000000000000000000000000000000000000000000000000000000000000000000000000000000000000000000000000000000000000000000000000000000000000000000000000000000000000000000000000000000000000000000000000000000000000000000000000000000000000000000000000000000000000000000000000000000000000000
00000000000000000000000000000000000000000000000000000000000000000000000000000000000000000000000000000000000000000000000000000000000000000000000000000000000000000000000000000000000000000000000000000000000000000000000000000000000000000000000000000000000000000000000000000000000000000000000000000000000000000000000000000000000000000000000000000000000000000000000000000000000000000000000000000000000000000000000000000000000000000000000000000000000000000000000000000000000000000000000
00000000000000000000000000000000000000000000000000000000000000000000000000000000000000000000000000000000000000000000000000000000000000000000000000000000000000000000000000000000000000000000000000000000000000000000000000000000000000000000000000000000000000000000000000000000000000000000000000000000000000000000000000000000000000000000000000000000000000000000000000000000000000000000000000000000000000000000000000000000000000000000000000000000000000000000000000000000000000000000000
00000000000000000000000000000000000000000000000000000000000000000000000000000000000000000000000000000000000000000000000000000000000000000000000000000000000000000000000000000000000000000000000000000000000000000000000000000000000000000000000000000000000000000000000000000000000000000000000000000000000000000000000000000000000000000000000000000000000000000000000000000000000000000000000000000000000000000000000000000000000000000000000000000000000000000000000000000000000000000000000
00000000000000000000000000000000000000000000000000000000000000000000000000000000000000000000000000000000000000000000000000000000000000000000000000000000000000000000000000000000000000000000000000000000000000000000000000000000000000000000000000000000000000000000000000000000000000000000000000000000000000000000000000000000000000000000000000000000000000000000000000000000000000000000000000000000000000000000000000000000000000000000000000000000000000000000000000000000000000000000000
00000000000000000000000000000000000000000000000000000000000000000000000000000000000000000000000000000000000000000000000000000000000000000000000000000000000000000000000000000000000000000000000000000000000000000000000000000000000000000000000000000000000000000000000000000000000000000000000000000000000000000000000000000000000000000000000000000000000000000000000000000000000000000000000000000000000000000000000000000000000000000000000000000000000000000000000000000000000000000000000
00000000000000000000000000000000000000000000000000000000000000000000000000000000000000000000000000000000000000000000000000000000000000000000000000000000000000000000000000000000000000000000000000000000000000000000000000000000000000000000000000000000000000000000000000000000000000000000000000000000000000000000000000000000000000000000000000000000000000000000000000000000000000000000000000000000000000000000000000000000000000000000000000000000000000000000000000000000000000000000000
00000000000000000000000000000000000000000000000000000000000000000000000000000000000000000000000000000000000000000000000000000000000000000000000000000000000000000000000000000000000000000000000000000000000000000000000000000000000000000000000000000000000000000000000000000000000000000000000000000000000000000000000000000000000000000000000000000000000000000000000000000000000000000000000000000000000000000000000000000000000000000000000000000000000000000000000000000000000000000000000
00000000000000000000000000000000000000000000000000000000000000000000000000000000000000000000000000000000000000000000000000000000000000000000000000000000000000000000000000000000000000000000000000000000000000000000000000000000000000000000000000000000000000000000000000000000000000000000000000000000000000000000000000000000000000000000000000000000000000000000000000000000000000000000000000000000000000000000000000000000000000000000000000000000000000000000000000000000000000000000000
00000000000000000000000000000000000000000000000000000000000000000000000000000000000000000000000000000000000000000000000000000000000000000000000000000000000000000000000000000000000000000000000000000000000000000000000000000000000000000000000000000000000000000000000000000000000000000000000000000000000000000000000000000000000000000000000000000000000000000000000000000000000000000000000000000000000000000000000000000000000000000000000000000000000000000000000000000000000000000000000
00000000000000000000000000000000000000000000000000000000000000000000000000000000000000000000000000000000000000000000000000000000000000000000000000000000000000000000000000000000000000000000000000000000000000000000000000000000000000000000000000000000000000000000000000000000000000000000000000000000000000000000000000000000000000000000000000000000000000000000000000000000000000000000000000000000000000000000000000000000000000000000000000000000000000000000000000000000000000000000000
00000000000000000000000000000000000000000000000000000000000000000000000000000000000000000000000000000000000000000000000000000000000000000000000000000000000000000000000000000000000000000000000000000000000000000000000000000000000000000000000000000000000000000000000000000000000000000000000000000000000000000000000000000000000000000000000000000000000000000000000000000000000000000000000000000000000000000000000000000000000000000000000000000000000000000000000000000000000000000000000
00000000000000000000000000000000000000000000000000000000000000000000000000000000000000000000000000000000000000000000000000000000000000000000000000000000000000000000000000000000000000000000000000000000000000000000000000000000000000000000000000000000000000000000000000000000000000000000000000000000000000000000000000000000000000000000000000000000000000000000000000000000000000000000000000000000000000000000000000000000000000000000000000000000000000000000000000000000000000000000000
00000000000000000000000000000000000000000000000000000000000000000000000000000000000000000000000000000000000000000000000000000000000000000000000000000000000000000000000000000000000000000000000000000000000000000000000000000000000000000000000000000000000000000000000000000000000000000000000000000000000000000000000000000000000000000000000000000000000000000000000000000000000000000000000000000000000000000000000000000000000000000000000000000000000000000000000000000000000000000000000
00000000000000000000000000000000000000000000000000000000000000000000000000000000000000000000000000000000000000000000000000000000000000000000000000000000000000000000000000000000000000000000000000000000000000000000000000000000000000000000000000000000000000000000000000000000000000000000000000000000000000000000000000000000000000000000000000000000000000000000000000000000000000000000000000000000000000000000000000000000000000000000000000000000000000000000000000000000000000000000000
00000000000000000000000000000000000000000000000000000000000000000000000000000000000000000000000000000000000000000000000000000000000000000000000000000000000000000000000000000000000000000000000000000000000000000000000000000000000000000000000000000000000000000000000000000000000000000000000000000000000000000000000000000000000000000000000000000000000000000000000000000000000000000000000000000000000000000000000000000000000000000000000000000000000000000000000000000000000000000000000
00000000000000000000000000000000000000000000000000000000000000000000000000000000000000000000000000000000000000000000000000000000000000000000000000000000000000000000000000000000000000000000000000000000000000000000000000000000000000000000000000000000000000000000000000000000000000000000000000000000000000000000000000000000000000000000000000000000000000000000000000000000000000000000000000000000000000000000000000000000000000000000000000000000000000000000000000000000000000000000000
00000000000000000000000000000000000000000000000000000000000000000000000000000000000000000000000000000000000000000000000000000000000000000000000000000000000000000000000000000000000000000000000000000000000000000000000000000000000000000000000000000000000000000000000000000000000000000000000000000000000000000000000000000000000000000000000000000000000000000000000000000000000000000000000000000000000000000000000000000000000000000000000000000000000000000000000000000000000000000000000
00000000000000000000000000000000000000000000000000000000000000000000000000000000000000000000000000000000000000000000000000000000000000000000000000000000000000000000000000000000000000000000000000000000000000000000000000000000000000000000000000000000000000000000000000000000000000000000000000000000000000000000000000000000000000000000000000000000000000000000000000000000000000000000000000000000000000000000000000000000000000000000000000000000000000000000000000000000000000000000000
00000000000000000000000000000000000000000000000000000000000000000000000000000000000000000000000000000000000000000000000000000000000000000000000000000000000000000000000000000000000000000000000000000000000000000000000000000000000000000000000000000000000000000000000000000000000000000000000000000000000000000000000000000000000000000000000000000000000000000000000000000000000000000000000000000000000000000000000000000000000000000000000000000000000000000000000000000000000000000000000
000000000000000000000000000000000000000000000000000000000000000000000000000000000000000000000000000000000000000000000000000000000000000000000000000000000000000000000000000000000000000000000000000000000000000000000000000000000000000000RMRQ0RR000Q000000000000000000000000000000000000000000000000000000000000000000000000000000000000000000000000000000000000000000000000000000000000000000000000000000000000000000000000000000000000000000000000000000000000000000000000000000000000000000
000000000000000000000000000000000000000000000000000000000000000000000000000000000000000000R0000R0000000000000000000000000000000000000000000000000000000000000000000000000000000000000000000000000000000000000000000000000000000000000000R0MOdYRNSEQWdhK0000000000000000000000000000000000000000000000000000000000000000000000000000000000000000000000000000000000000000000000000000000000000000000000000000000000000000000000000000000000000000000000000000000000000000000000000000000000000000
000000000000000000000000000000000000000000000000000000000000000000000000000000000000000000R00RR000000000000000000000000000000000000000000000000000000000000000000000000000000000000000000000000000000000000000000000000000000000000000000MMBGzoJv*S2CXBRRRR000000000000000000000000000000000000000000000000000000000000000000000000000000000000000000000000000000000000000000000000000000000000000000000000000000000000000000000000000000000000000000000000000000000000000000000000000000000000
000000000000000000000000000000000000000000000000000000000000000000000000000000000000000000QQQR0R00000000000000000000000000000000000000000000000000000000000000000000000000000000000000000000000000000000000000000000000000000000000000QQ0MKmal_ . `|15GDRR00000000000000000000000000000000000000000000000000000000000000000000000000000000000000000000000000000000000000000000000000000000000000000000000000QQQ00000000000000000000000000000000000000000000000000000000000000000000000000000000
0000000000000000000000000000000000000000000000000000000000000000000000000000000000R00QQQQRhCbQ000R0000R0000000000000000000000000000000000000000000000000000000000000000000000000000000000000000000000000000000000000000000000000000000Q00MNkF1+`. _lJgbD000RR00000000000000000000000000000000000000000000000000000000000000000000000000000000000000000000000000000000000000000000000000000000000000000000MRN@BRR0000000000000000000000000000000000000000000000000000000000000000000000000000000
000000000000000000000000000000000000000000000000000000000000000000000000000000000000QMkEd#,.7QQRRR00000000000000000000000000000000000000000000000000000000000000000000000000000000000000000000000000000000000000000000000000000000000Q00R0QAT>-`. -c58NMRRR000RR000000000000000000000000000000000000000000000000000000000000000000000000000000000000000000000000000000000000000000000000000000000000000000$u"?AR0R0R000000000000000000000000000000000000000000000000000000000000000000000000000
000000000000000000000000000000000000000000000000000000000000000000000000000000000000QDn".   +w$RQ0Q000R0000000000000000000000000000000000000000000000000000000000000000000000000000000000000000000000000000000000000000000000000000000QQNGj|.    .. -{hDQ0RRRR000000000000000000000000000000000000000000000000000000000000000000000000000000000000000000000000000000000000000000000000000000000000000000RQBg+ LWQM0R0R0000000000000000000000000000000000000000000000000000000000000000000000000
000000000000000000000000000000000000000000000000000000000000000000000000000000000R0RMM4% -`  .cm@0QQ00000000000000000000000000000000000000000000000000000000000000000000000000000000000000000000000000000000000000000000000000000R0QQRO5I;        .   `vpHQQ0R000000000000000000000000000000000000000000000000000000000000000000000000000000000000000000000000000000000000000000000000000000000000000000R00R1.>gRRR0RR0000000000000000000000000000000000000000000000000000000000000000000000000
000000000000000000000000000000000000000000000000000000000000000000000000000000000000R0Z< ..    .+]VNQ00000000000000000000000000000000000000000000000000000000000000000000000000000000000000000000000000000000000000000000R0RRQ00QQQW4e". ..             .\nAQQ0QQQQ000R00000000000000000000000000000000000000000000000000000000000000000000000000000000000000000000000000000000000000000000000000000000RRRMQh".wMQQ00RRR00R00000000000000000000000000000000000000000000000000000000000000000000
00000000000000000000000000000000000000000000000000000000000000000000000000000000000QQ0q;'.        ;TWQ000000000000000000000000000000000000000000000000000000000000000000000000000000000000000000000000000000000000000000000RRDgzCES!;                      <w$QMRU$R00000000000000000000000000000000000000000000000000000000000000000000000000000000000000000000000000000000000000000000000000000000000RMW0QAl "3E&B0QQQQ00R0000000000000000000000000000000000000000000000000000000000000000000
00000000000000000000000000000000000000000000000000000000000000000000000000000000QQQWPu<.          `tHQRR00000000000000000000000000000000000000000000000000000000000000000000000000000000000000000000000000000000000000000RR0bI;  `.                         `%a*{xn@RQ0000000000000000000000000000000000000000000000000000000000000000000000000000000000000000000000000000000000000000000000000000000000RRMg!^` .-=va2dD0QQQ00Q0000000000000000000000000000000000000000000000000000000000000000
000000000000000000000000000000000000000000000000000000000000000000R00000000000QQR85c_  .         .|hQ0R00000000000000000000000000000000000000000000000000000000000000000000000000000000000000000000000000000000000000000000QUo;                                 -x28M0000000000000000000000000000000000000000000000000000000000000000000000000000000000000000000000000000000000000000000000000000000000NQU7'  ..      .)tpkBQQQ0000R00000R00R00000000000000000000000000000000000000000000000000
00000000000000000000000000000000000000000000000000000000000000000R00000R000RQQDV[/                ^J@QQ00Q00R00000000000000000000000000000000000000000000000000000000000000000000000000000000000000000000000000000000000000QQDFv` ..                           =?6A@WRR0000000000000000000000000000000000000000000000000000000000000000000000000000000000000000000000000000000000000000000000000R00R00RQO*.               :|ohURQRRQQQQRM0000R0000000000000000000000000000000000000000000000000
00000000000000000000000000000000000000000000000000000000000000000000QQQQQ0Q0Ofl_                   `imNQQ000RR0000RR0000000000000000000000000000000000000000000000000000000000000000000000000000000000000000000000000000000Q0QRY1'.                           ;eE$M0R00R00000000000000000000000000000000000000000000000000000000000000000000000000000000000000000000000000000000000000000000000000R00RQZs.                    =oy!tgdgZ?cdR0R0R000000000000000000000000000000000000000000000000
0000000000000000000000000000000000000000000000000000000000000000R0QQNP5F$W&7+                        _syYHMQQQQR0R000000000000000000000000000000000000000000000000000000000000000000000000000000000000000000000000000000000000QQDf/                         . =J$R0Q00000000000000000000000000000000000000000000000000000000000000000000000000000000000000000000000000000000000000000000000000000000RQ4< -.                        _ ``_L$RRRR0000000000000000000000000000000000000000000000000
00000000000000000000000000000000000000000000000000000000000000RR00M4c'  |v|  .                          :)xJXbEdM0000R0000000000000000000000000000000000000000000000000000000000000000000000000000000000000000000000000000000000WF/                           .}kRR000000000000000000000000000000000000000000000000000000000000000000000000000000000000000000000000000000000000000000000000000000000Qg) ``                         .`  TR0M00000000000000000000000000000RR0R0000Q00000000000000
00000000000000000000000000000000000000000000000000000000000000RRR0Bj  ..   .                                . "2Q0RR00000000000000000000000000000000000000000000000000000000000000000000000000000000000000000000000000000000000Q8}                             %XMRQ00000000000000000000000000000000000000000000000000000000000000000000000000000000000000000000000000000000000000000000R00000R0QQQQY/  .                           . :80M0000R000000000000000000000000R00R00QQ0RQ000QQQQQQQ000
0000000000000000000000000000000000000000000000000000000000000000RQNGz)`.`...                                 /zAQ0R00R0000000000000000000000000000000000000000000000000000000000000000000000000000000000000000000000000000000000&t'`                           ;uKQR0R0000000000000000000000000000000000000000000000000000000000000000000000000000000000000000000000000000000000000000000QQ00Q0WZymg{`                                aRQR000R000000000000000000000000000R0M0MH00000QQQQQQQQQQQ
00000000000000000000000000000000000000000000000000000000000000000R00DFi....                               .:I4@W0R00000000000000000000000000000000000000000000000000000000000000000000000000000000000000000000000000000000000000@7-                            :oYWM000000000000000000000000000000000000000000000000000000000000000000000000000000000000000000000000000000000000000000000000&#*>'  ``.                             .  )PMRRR0R00000000000000000000000RRR0RM0Z]sSB00QQQ0QQQQQQQQ
00000000000000000000000000000000000000000000000000000000000000000000QMX*`.`.                              'eUQQ0R000000000000000000000000000000000000000000000000000000000000000000000000000000000000000000000000000000000000000R4>                             "mMMR000000000000000000000000000000000000000000000000000000000000000000000000000000000000000000000000000000000000000000Q00RRBXwI/   ..                                 ,t8QMRR0000000000000000000000RRMRQQ&#^  sN00Q00QQQQQQQQQ
00000000000000000000000000000000000000000000000000000000000000000000000p; `.                            . `lg0Q000000000000000000000000000000000000000000000000000000000000000000000000000000000000000000000000000000000000000RR0k{                             .!8Q00000000000000000000000000000000000000000000000000000000000000000000000000000000000000000000000000000000000000000000R00RQQQQ&J|;-..                               `. %Z0NRR00000000000000000R00000QQD6<_."j@0RR0R00000QQQQQ
000000000000000000000000000000000000000000000000000000000000000000R00MOx  .                              .. i4QQ00000000000000000000000000000000000000000000000000000000000000000000000000000000000000000000000000000000000000R0Q8[`                             "mWM00000000000000000000000000000000000000000000000000000000000000000000000000000000000000000000000000000000000000000000000000QQQU7' ..                              .` `mMMRR0000000000000000R0RR0QQRG*''\Tk0QR00RR0R000QQQQQ
00000000000000000000000000000000000000000000000000000000000000000000QWo.                                  . .{&Q0000000000000000000000000000000000000000000000000000000000000000000000000000000000000000000000000000000000000000QBw,                        .    =y@M0000000000000000000000000000000000000000000000000000000000000000000000000000000000000000000000000000000000000000000000R00RQ00RYx...                              .. iARRR00000000000000000RRMR0QYa/ "u@0QQQ0000000000000QQ
00000000000000000000000000000000000000000000000000000000000000000R0QQHI                                      `[HQQ0000R00000000000000000000000000000000000000000000000000000000000000000000000000000000000000000000000000000000QQQEl:                      _^: -/c2K0R00000000000000000000000000000000000000000000000000000000000000000000000000000000000000000000000000000000000000000000000000QQRD[` .                             .` ^f8MRRR000000000000000000QQD#+`|7G0Q00QQ000000000000000
0000000000000000000000000000000000000000000000000000000000000000R000QB#|_                                     ;5QQ000R00000000000000000000000000000000000000000000000000000000000000000000000000000000000000000000000000R0QQQQQR&d2I;                      ;%Irv[yEDQ000000000000000000000000000000000000000000000000000000000000000000000000000000000000000000000000000000000000000000000000000QQQ07-                             `,;_tp&BR000000000000000000RRQKfi ^rEBQQ0Q000000000000000000
000000000000000000000000000000000000000000000000000000000000000000000R8mzv\^_`.                               _7QQ000R0000000000000000000000000000000000000000000000000000000000000000000000000000000000000000000000000QQQ0W84C*;                          'ISPEPkWQ0QQ000000000000000000000000000000000000000000000000000000000000000000000000000000000000000000000000000000000000000000000000QRRQQw; .                            v{"VRQQRQRR000000000000000QRq%. <y@QQ000QQ00000000000000000
000000000000000000000000000000000000000000000000000000000000000000RRR00N@PST}/                              . -aQQ00QR0000000000000000000000000000000000000000000000000000000000000000000000000000000000000000000000000H6o]v=_  .                           '/%*!eTTwY000000000000000000000000000000000000000000000000000000000000000000000000000000000000000000000000000000000000000000000000000R0QP= `.                           *F6&0R0R000000000000RR0N0QZ}- )w@QQQ0QQQQ0Q0000000000000000
00000000000000000000000000000000000000000000000000000000000000000000000RRRBDZ?-`                            . -oQQ000R000000000000000000000000000000000000000000000000000000000000000000000000000000000000000000000000QGv     .                                      {Y0000000000000000000000000000000000000000000000000000000000000000000000000000000000000000000000000000000000000000000000000R0R0R{. ..                        - )ENBRR0R00000000000RRRQQYe; `[@000RRR0QQQ000000000000000000
0000000000000000000000000000000000000000000000000000000000000000000000000RMQWf+                            .  /SQQ00000000000000000000000000000000000000000000000000000000000000000000000000000000000000000000000000000Nhv.                                         `xdRQ00000000000000000000000000000000000000000000000000000000000000000000000000000000000000000000000000000000000000000000000R00RQ5; ..                        ` |gRWMR0000Q000QQQ0RRR0Aj^ -1dN0RM0RR00000000000000000000000
000000000000000000000000000000000000000000000000000000000000000Q0000000Q0000NZ?.                      ..   . +TH0000000000000000000000000000000000000000000000000000000000000000000000000000000000000000000000000000000QA!-                                         +oPNQ0QQ000000000000000000000000000000000000000000000000000000000000000000000000000000000000000000000000000000000000000000000000QP>                         . =*5WQMM00QQQQQQQQQ00QQ&w/  )hRQ0RRRRR000000000000000000000000
000000000000000000000000000000000000000000000000000000000000000000000000000RRDhtc"`                  `^,`:<=vfKQ0000000000000000000000000000000000000000000000000000000000000000000000000000000000000000000000000000000Qbv                                         `rSUN000Q00000000000000000000000000000000000000000000000000000000000000000000000000000000000000000000000000000000000000000000000RQK7_ .                        {bKKKB00R@b54R0Q00QQDg)  iJ$QQR0000R0000000000000000000000000
00000000000000000000000000000000000000000000000000000000000000RR00000000000RRWDda<.              -^/%)s*Iu5Tg@R00000000000000000000000000000000000000000000000000000000000000000000000000000000000000000000000000000000Qb%                                         `cSHR000Q0000000000000000000000000000000000000000000000000000000000000000000000000000000000000000000000000000000000000000000000QRQQE% `` `                     `,=//<![v+: ,68QQQNS<` /CHQWMQQRR0R00000000000000000000000000
0000000000000000000000000000000000000000000000000000000000000000R000R000QQQDS]c|.                `+%#PYPY$DDW0Q00000000000000000000000000000000000000000000000000000000000000000000000000000000000000000000000000000000Q@e-                                         ;T8M000Q0000000000000000000000000000000000000000000000000000000000000000000000000000000000000000000000000000000000000000000Q0QQQQ0Roij>"r<'`                               `>1aor_',tYQQQ0QQQRRR00R0RR000000000000000000000
0000000000000000000000000000000000000000000000000000000000000000000000QQRAS*_  `                   -\w8NNQQQ000000000000000000000000000000000000000000000000000000000000000000000000000000000000000000000000000000000000Px.                                         |J&M000Q0000000000000000000000000000000000000000000000000000000000000000000000000000000000000000000000000000000000000000000000QQQQQAGK]<*>'.                                      `)e[y6g48DMQQQQQ00RRR0R000000RR0000000000
000000000000000000000000000000000000000000000000000000000000000000000QQ0@e- .                      . .)fbBQQ000R000000000000000000000000000000000000000000000000000000000000000000000000000000000000000000000000000000QUe_                                         _rp@0000Q0000000000000000000000000000000000000000000000000000000000000000000000000000000000000000000000000000000000000000000R00BX6wfj*<_-`..                                        .  - .:/>{anpdX&WRQQQQQQ00R0R0R000000000
0000000000000000000000000000000000000000000000000000000000000000R0000Q0M8e`                        .   `|vjGQMR0Q00000000000000000000000000000000000000000000000000000000000000000000000000000000000000000000000000000QU1  .                                       :[ENQ000Q00000000000000000000000000000000000000000000000000000000000000000000000000000000000000000000000000000000000000000000008t_                                                               .-^v!Lw5SbUBRQQQQ0000000000
000000000000000000000000000000000000000000000000000000000000000000R00RNNWq<                           .    |5@Q00000000000000000000000000000000000000000000000000000000000000000000000000000000000000000000000000000000Q8u+  .                                     '1GMQ000Q00000000000000000000000000000000000000000000000000000000000000000000000000000000000000000000000000000000000000000000QM&x`.                                                                      ._;\rL6G@WQQQQQQQ0Q
000000000000000000000000000000000000000000000000000000000000000000000RNMWd"                              `. -?&0000000000000000000000000000000000000000000000000000000000000000000000000000000000000000000000000000000QQQMgc.                           .''.    .. -)f8M00000R000000000000000000000000000000000000000000000000000000000000000000000000000000000000000000000000000000000000000000RUL_ .                                                                             '=v15gG&KMRW
000000000000000000000000000000000000000000000000000000000000000000R0R0RQNf.                              ..  =gQ000000000000000000000000000000000000000000000000000000000000000000000000000000000000000000000000000000QQ00Rh\                           "*c=-   .-_')jEK000000000000000000000000000000000000000000000000000000000000000000000000000000000000000000000000000000000000000000000000M&*.                                              .                                     .`=)%}r
000000000000000000000000000000000000000000000000000000000000000000000QRQ8{                                .  \4Q0000000000000000000000000000000000000000000000000000000000000000000000000000000000000000000000000000000QR0Dn,                          _rFYh*-  `,/>{J4@QQ0000000000000000000000000000000000000000000000000000000000000000000000000000000000000000000000000000000000000000000000NDqi                                     . `""^`. `                                            
0000000000000000000000000000000000000000000000000000000000000000000Q0QR0Or                               . `=zbQ00000000000000000000000000000000000000000000000000000000000000000000000000000000000000000000000000000000RQ$I                           )CkWR$f\'"ir1TqbKMR00Q0000000000000000000000000000000000000000000000000000000000000000000000000000000000000000000000000000000000000000000R0M4]|`                                 .  I&$Pgm2fC7Ii,      .                        .       
00000000000000000000000000000000000000000000000000000000000000000R000RR0U{.                              .`)J&N00000000000000000000000000000000000000000000000000000000000000000000000000000000000000000000000000000000R0RV<                         `:c400QQ0Yf#J2gPbO$BR00Q00000000000000000000000000000000000000000000000000000000000000000000000000000000000000000000000000000000000000000000000RAe:                                .. \fBQRQQQQQNHPmov/'        .                    .    
000000000000000000000000000000000000000000000000000000000000000000Q00R0M5; .                             .`xAQM00000000000000000000000000000000000000000000000000000000000000000000000000000000000000000000000000000000R004>                      ...,<aXNQ0RRQRNK8$KBWNMR00000000000000000000000000000000000000000000000000000000000000000000000000000000000000000000000000000000000000000000000R0R0MAf\.                                ` 'uHR00RRR000QQB$Xw1v;.                             
000000000000000000000000000000000000000000000000000000000000000000Q00R0&< .                              . )AQMR0000000000000000000000000000000000000000000000000000000000000000000000000000000000000000000000000000000R00E<                        ;lLg@B0QRR0RR0R000R0RR000Q00000000000000000RR0000000000000000000000000000000000000000000000000000000000000000000000000000000000000000000000RQ0000NR0GI` .                              ` '#WQ0Q0Q00RR0QQQQRM@ET})_               ..        
00000000000000000000000000000000000000000000000000000000000RR0000000RQDu`                                .=nBQ000000000000000000000000000000000000000000000000000000000000000000000000000000000000000000000000000000000R0QKu^.                      _*X0Q000R00000R0000000000000000000000000000000000000000000000000000000000000000000000000000000000000000000000000000000000000000000000000000000000R0R0gr-                                  cY0M00QRQ00R00R00QQQQ0KYdC?scccrIj#3F5hhhmq6655Ta
000000000000000000000000000000000000000000000000000000000000000R0QQQQHg|                                .)wU0R0000000000000000000000000000000000000000000000000000000000000000000000000000000000000000000000000000000000000Wy=                       `sEMQ0RR00R000000000000000000000000000000000000000000000000000000000000000000000000000000000000000000000000000000000000000000000000000000000000000R0N2|                                  lXRRQRQ000000000000000QQQQQRQQQQQQQQQQQQQQQQQQQRQ
0000000000000000000000000000000000000000000000000000000000000QQQQWY2[<,-                                `%ER000000000000000000000000000000000000000000000000000000000000000000000000000000000000000000000000000000000000RRMQGi                         :IEM0RRR00000000000000000000000000000000000000000000000000000000000000000000000000000000000000000000000000000000000000000000000000000000000000000RQPx.                                 *XRM0Q0Q000000000000000000RM00Q00R000R0RR000RQMM0
R0R00QQQQQQQQQQQQQQQQQ000000000000000000000000000000000QQQQQQRKYnc'    .                                 >PQR00000000000000000000000000000000000000000000000000000000000000000000000000000000000000000000000000000000000R0RXr`                        .  +u$QQ000000000000000000000000000000000000000000000000000000000000000000000000000000000000000000000000000000000000000000000000000000000000000000MQUc.                              . -#$RM0000000000000000000000RR0R0R00R0000R000R000R0
0QQQQQ0MD$HAdggguuuFX@Q00000000000000000000000000R00R0QQRDAdjc|:                                        .iZQR000R00000000000000000000000000000000000000000000000000000000000000000000000000000000000000000000000000000QQ0Q&]`                              ?Y0Q00R000000000000000000000000000000000000000000000000000000000000000000000000000000000000000000000000000000000000000000000000000000000000RRRQAl.                            .   *Y0RR0Q0000000000000000000RRRRRRRR0000000000000000
Edqf7]*l\"|^. .     _*GQ0000R0000000000000000000Q0R0MKXm[l^`               `_`                          .%kQMR0R00000000000000000000000000000000000000000000000000000000000000000000000000000000000000000000000000000QQQQRm|                                %E0Q0R00R00R00000000000000000000000000000000000000000000000000000000000000000000000000000000000000000000000000000000000000000000000000000RRRQKe;                            ..  cER000000000000000000000000RRRRRRRR0000000000000000
          ...``..... .tHQQR000RR0000000000QQQQQQQQQDmr_               ``"va22s`                         .l8QRRQR00000000000000000000000000000000000000000000000000000000000000000000000000000000000000000000000000000000Q81`                                 |2WQ0R00000000000000000000000000000000000000000000000000000000000000000000000000000000000000000000000000000000000000000000000000000RR00MM0Mb}_                                )VW0RR0000000000000000000000RRRRRRRR0000000000000000
                    . ,eX$MQQQ0RQQQQQQQQQRNND8$Afj!x-  ..          `+sL3ZKBD@?`.                        `?KQRR0000RR0000000000000000000000000000000000000000000000000000000000000000000000000000000000000000000000000000QZ%                                   ,#BQ0R0000000000000000000000000000000000000000000000000000000000000000000000000000000000000000000000000000000000000000000000000000RRRRMN8o/                              .  >mKR0000000000000000000000000RRRRRRRR0000000000000000
                        _|r72EDMWYm53JTj]{xv<^+:        .       =c7FP$NQQQQMHx.^                        'LBQRR00000000000000000000000000000000000000000000000000000000000000000000000000000000000000000000000000000000QQQd/                                    _jURR00RR0000000000000000000000000000000000000000000000000000000000000000000000000000000000000000000000000000000000000000000000000RRRRM#:   .                           ` %hRQ00000000000000000000000000000000000000000000000000
                             `\v%+ .`                 ..`.  _=v[Y$NQQ000QQRKV*''                        :fMRMRR0000000000000000000000000000000000000000000000000000000000000000000000000000000000000000000000000000000QQQd"                                     `lSBQRR0000000000000000000000000000000000000000000000000000000000000000000000000000000000000000000000000000000000000000000000000000M0Qghul,.                         .  lXN0R00000000000000000000000000000000000000000000000000
                          .          `'=)\<\=`         -`_;c5ZHNQQQ00QQRKE[+`.                          _?PMQ000000000000000000000000000000000000000000000000000000000000000000000000000000000000000000000000000000000QQQd"                                     . |2WQR0000000000000000000000000000000000000000000000000000000000000000000000000000000000000000000000000000000000000000000000000RR0RQ0MQHe^                       ...-^cSNQQ00Q000000000000000000000000000000000000000000000000
                                      ..,=\vI[%`.;/{+={34XG&QQQQQQQQDmne/:  .                             :!hKQR000000000000000000000000000000000000000000000000000000000000000000000000000000000000000000000000000000QQQd"                                     .  ;ok0Q000000R0000000000000000000000000000000000000000000000000000000000000000000000000000000000000000000000000000000000000000000R00QQQOl. .                       ._eEN0Q0000000000000000000000000000000000000000000000000000
                                            `;; _xJE[afC$&8@UkdSSFJT]|                                   .  ;[ZQQ00000000000000000000000000000000000000000000000000000000000000000000000000000000000000000000000000000QQQd"                                          >2HQ0R0000000000000000000000000000000000000000000000000000000000000000000000000000000000000000000000000000000000000000000000RR0RQBhI'                           .|3BQ000R0000000000000000000000000000000000000000000000000
                                                .._'    ,':^;'`                                              .)EQ0RR00R00000000000000000000000000000000000000000000000000000000000000000000000000000000000000000000000QQQd/                                        .  '?PRQQ00000000000000000000000000000000000000000000000000000000000000000000000000000000000000000000000000000000000000000000RRR0Nmc`                             . ,7UMR000000000000000000000000000000000000000000000000000
                                                     .              .                                          \4QQRR0000000000000000000000000000000000000000000000000000000000000000000000000000000000000000000000000QQQE\                                            .)LYRQRR00000000000000000000000000000000000000000000000000000000000000000000000000000000000000000000000000000000000000000RRQM5^                                   *X0000000000000000000000000000000000000000000000000000
                                                                  ._|>l'  ._'-.                                 ihMR0000000000000000000000000000000000000000000000000000000000000000000000000000000000000000000000000000Q&?.                                              )JU000000000000000000000000000000000000000000000000000000000000000000000000000000000000000000000000000000000000000000RR0QV/                                     >EQ00R00000000000000000000000000000000000000000000000
                                                                   `<eux^%n5y[^                                  /mRQRQR000000000000000000000000000000000000000000000000000000000000000000000000000000000000000000000000QHu:                                               `\J&00R0000R00000000000000000000000000000000000000000000000000000000000000000000000000000000000000000000000000000RRRRRQOv                                    .  )EM0000000000000000000000000000000000000000000000000
                                                                       -->apEp"                                   ^#W00R000000000000000000000000000000000000000000000000000000000000000000000000000000000000000000000000RM2:                                               .  )6BQQ0000000000000000000000000000000000000000000000000000000000000000000000000000000000000000000000000000000000RR00RJ_                                     .  iAQQ00000000000000000000000000000000000000000000000
`.`                                                                         `- .                                   :fRQR000000R00000000000000000000000000000000000000000000000000000000000000000000000000000000000000000RRh|                                                   'lFDQQ0000000000000000000000000000000000000000000000000000000000000000000000000000000000000000000000000000000000QQOi                                          I80RR000000000000000000000000000000000000000000000
*}%^-                                                                                                               =5WQR0RRRR0R00000000000000000000000000000000000000000000000000000000000000000000000000000000000000000QP)                                                     _smWQQ00000000000000000000000000000000000000000000000000000000000000000000000000000000000000000000000000000000Q0J,                                           eK0R000000000000000000000000000000000000000000000
@$Z6Lr):``.                                                                                                          ;#WQ0MRR0RR000000000000000000000000000000000000000000000000000000000000000000000000000000000000000QQQ$t`                                                      '7OR00000000000000000000000000000000000000000000000000000000000000000000000000000000000000000000000000000R00Q8l`                                         . ^zH0R00000000000000000000000000000000000000000000
QQ0NWUP5a}>;`                                                                                                         'jDQR0RR000000000000000000000000000000000000000000000000000000000000000000000000000000000000000QQQ0QDu_                                                        <SMQ000000000000000000000000000000000000000000000000000000000000000000000000000000000000000000000000000R0QRw_                                             -3B0R0000000000000000000000000000000000000000000
QQ00QQQNBHZSL*%|_.                                                                                                     `lZQ0R0R000000000000000000000000000000000000000000000000000000000000000000000000000000000000000000QWF+                                                         "5WQ00000000000000000000000000000000000000000000000000000000000000000000000000000000000000000000000000RR0@{`                                              ^F000000000000000000000000000000000000000000000
QQQQ0QQMQQQ0N$kg#1c|_                                                                                                    vXQRR0R0000000000000000000000000000000000000000000000000000000000000000000000000000000000000000RRQP>                                                          =2WQR00000000000000000000000000000000000000000000000000000000000000000000000000000000000000000000R000MRM5:                                              - ;qMQRR0000000000000000000000000000000000000000
00Q00Q00RR0QQQQQMKk4fel)'.`                                                                                               )hQR0RRRRRR00000000000000000000000000000000000000000000000000000000000000000000000000000000000RRQP)                                                           /2BQ0RR00000000000000000000000000000000000000000000000000000000000000000000000000000000000000000R00MRQG>.                                              .  'wM0R0000000000000000000000000000000000000000
00Q00QR0000RR0RRR0QRMHkd51r>'.                                                                                             |q00RRRRRRRR0000000000000000000000000000000000000000000000000000000000000000000000000000000000RQYc                                                            xgR0R000000000000000000000000000000000000000000000000000000000000000000000000000000000000000000RQ0NQ$}.                                                   '3MQQ000RR0000000000000000000000000000000000
000000000000RRRRRRRRRRRRRBKb6n*>^`                                                                                          +5NQR0000R000000000000000000000000000000000000000000000000000000000000000000000000000000000000Q@]                                                           '7kMRR000000000000000000000000000000000000000000000000000000000000000000000000000000000000000000RQ0R0C'                                                     -uWQRR0000000000000000000000000000000000000
00000000000000000RRRRRRRR0QQ0W8X4J!v=`.                                                                                      ^TKQR0RR0000000000000000000000000000000000000000000000000000000000000000000000000000000000R000WT`                                                       .``idWMRRR0000000000000000000000000000000000000000000000000000000000000000000000000000000000000000000RQE)                                                        aKQMR000000000000000000000000000000000000
0000000000000000RRR000000RRR0QQQ0N@G6u]v"`    .                                                                               `}YQ0RRRR0RR000000000000000000000000000000000000000000000000000000000000000000000000000000000Qq'                                                       ;<[6@0R0RR0000000000000000000000000000000000000000000000000000000000000000000000000000000000000000000Q8{`                                                        -t8M0R0R000000000000000000000000000000000
000000000000000000000000000RR0000QQQQW$Yh#1x":`                                                                                 vXQRRMRRRRR0000000000000000000000000000000000000000000000000000000000000000000000000000000RQG>                                          .    `:^|<v*o3d&M0MMR0RR000000000000000000000000000000000000000000000000000000000000000000000000000000000000000RRQU}`                                                          `I&Q000000000000000000000000000000000000
00000000000000000000000000000000RRRRR000RN@bg#[%)=-                                                                              )y00NNMRRRR000000000000000000000000000000000000000000000000000000000000000000000000000000RQB7.                                      ..`_:;+<*ofgPk8HWMRRRRRRRR0000000000000000000000000000000000000000000000000000000000000000000000000000000000000000WQMz_ .                                                           cAQ0R0R0000000000000000000000000000000
0000000000000000000000000000000000RRRRRRRR0RRN@OPpjI>+'                                                                           |m00RRRRRRRR0000000000000000000000000000000000000000000000000000000000000000000000000000RQN#`                                       |1#TT2VY@BWM0Q0RRRRR0RRRR0000000000000000000000000000000000000000000000000000000000000000000000000000000000000000RWJ: .                                                             )hWQM00000000000000000000000000000000
0000000000000000000000000000000000000RRRR0RR0MRMRMD8GF[>+;_.                                                                     .;eMQQ000RRRR0000000000000000000000000000000000000000000000000000000000000000000000000000R0NT`                            `_.      . _tbBWM0QQQQQQQ00R0RR0RR0RR000000000000000000000000000000000000000000000000000000000000000000000000000000000000000Qp= .                                                              .=j@R00000000000000000000000000000000