000000000000000000000000000000000000000000000000000000000000000000RWD@Ak
00000000000000000000000000000000000000000000000000000000000000000NB@&kYk
0000000000000000000000000000000000000000000000000000000000000000MHUkXdXY
0000000000000000000000000000000000000000000000000000000000000000RDAbPEgk
00000000000000000000000000000000000000000000000000000000000000000M@OA&UB
000000000000000000000000000000000000000000000000000000000000000000RHKNR0
00000000000000000000000000000000000000000000000000000000000000000000R000
000000000000000000000000000000000000000000000000000000000000000000000000
000000000000000000000000000000000000000000000000000000000000000000000000
000000000000000000000000000000000000000000000000000000000000000000000000
000000000000000000000000000000000000000000000000000000000000000000000000
000000000000000000000000000000000000000000000000000000000000000000000000
000000000000000000000000000000000000000000000000000000000000000000000000
000000000000000000000000000000000000000000000000000000000000000000000000
000000000000000000000000000000000000000000000000000000000000000000000000
000000000000000000000000000000000000000000000000000000000000000000000000
000000000000000000000000000000000000000000000000000000000000000000000000
000000000000000000000000000000000000000000000000000000000000000000000000
000000000000000000000000000000000000000000000000000000000000000000000000
000000000000000000000000000000000000000000000000000000000000000000000000
000000000000000000000000000000000000000000000000000000000000000000000000
000000000000000000000000000000000000000000000000000000000000000000000000
000000000000000000000000000000000000000000000000000000000000000000000000
000000000000000000000000000000000000000000000000000000000000000000000000