0000000000000000000000000000000000000000000000000000000000000000000000RM
0000000000000000000000000000000000000000000000000000000000000000000RMNBD
000000000000000000000000000000000000000000000000000000000000000000W@&kO@
00000000000000000000000000000000000000000000000000000000000000000WkZGXZ8
00000000000000000000000000000000000000000000000000000000000000000HGgbA$B
00000000000000000000000000000000000000000000000000000000000000000R@Y&WR0
000000000000000000000000000000000000000000000000000000000000000000RBB000
000000000000000000000000000000000000000000000000000000000000000000000000
000000000000000000000000000000000000000000000000000000000000000000000000
000000000000000000000000000000000000000000000000000000000000000000000000
000000000000000000000000000000000000000000000000000000000000000000000000
000000000000000000000000000000000000000000000000000000000000000000000000
000000000000000000000000000000000000000000000000000000000000000000000000
000000000000000000000000000000000000000000000000000000000000000000000000
000000000000000000000000000000000000000000000000000000000000000000000000
000000000000000000000000000000000000000000000000000000000000000000000000
000000000000000000000000000000000000000000000000000000000000000000000000
000000000000000000000000000000000000000000000000000000000000000000000000
000000000000000000000000000000000000000000000000000000000000000000000000
000000000000000000000000000000000000000000000000000000000000000000000000
000000000000000000000000000000000000000000000000000000000000000000000000
000000000000000000000000000000000000000000000000000000000000000000000000
000000000000000000000000000000000000000000000000000000000000000000000000
000000000000000000000000000000000000000000000000000000000000000000000000