000000000000000000000000000000000000000000000000000000000000000000000000
000000000000000000000000000000000000000000000000000000000000000000000000
000000000000000000000000000000000000000000000000000000000000000000000000
000000000000000000000000000000000000000000000000000000000000000000000000
000000000000000000000000000000000000000000000000000000000000000000000000
000000000000000000000000000000000000000000000000000000000000000000000000
000000000000000000000000000000000000000000000000000000000000000000000000
000000000000000000000000000000000000000000000000000000000000000000000000
000000000000000000000000000000000000000000000000000000000000000000000000
000000000000000000000000000000000000000000000000000000000000000000000000
000000000000000000000000000000000000000000000000000000000000000000000000
00RR00QQQQQQQ000000000000000000000000000000000000000000000QQQQQQ000RRR00
0N$AYGg4gPZA@BRQQQQQQ00000000000000000000000000000000QQQ0NK&YGgE4EPZk8B0
0000RRMWD$AZgdgh4XY8DM0QQQQQ0000000000000000000QQQQRWUbEd4GA$DWMRRR00000
00000000QQQQQQ0NDUYgVSSVgY8DMRQQQQQQQQQQQQQQ0MB$kPdV4GADRQQQQQ0000000000
0000000000000000QQQQQ0MD8bgdddEPbk&@@8AkbGg4hhdgY$BRQQQQ0000000000000000
00000000000000000000000QQQQQQRMWDDHDHK@@KDBNR0QQQQ0000000000000000000000
00000000000000000000000000000000QQQQQQQQQQ000000000000000000000000000000
000000000000000000000000000000000000000000000000000000000000000000000000
000000000000000000000000000000000000000000000000000000000000000000000000
000000000000000000000000000000000000000000000000000000000000000000000000
000000000000000000000000000000000000000000000000000000000000000000000000
000000000000000000000000000000000000000000000000000000000000000000000000
000000000000000000000000000000000000000000000000000000000000000000000000